
NGC 2158 2887-54521-416  91.77971   24.14997    27.1  1.4 5131 135 3.44 0.38 -0.17 0.04 16.282 0.024 14.296 0.012 13.506 0.008 13.156 0.007 13.056 0.015 68.9 C 
NGC 2158 2887-54521-442  91.89992   24.10639    28.7  1.5 6497 197 3.56 0.17 -0.17 0.06 16.025 0.020 15.023 0.005 14.648 0.007 14.572 0.007 14.568 0.012 52.1 C 
NGC 2158 2887-54521-445  91.85167   24.13172    25.8  1.6 6250  61 4.03 0.16 -0.33 0.04 15.721       15.321       14.909       15.702       15.969       54.3 B 
NGC 2158 2887-54521-446  91.85258   24.15344    25.2  2.6 6568 129 3.61 0.11 -0.29 0.05 16.164 0.025 15.135 0.007 14.979 0.010 14.916 0.009 14.951 0.016 46.2 C 
NGC 2158 2887-54521-447  91.87250   24.14558    25.4  0.9 5190 104 3.43 0.30 -0.21 0.02 15.997 0.020 14.192 0.019 13.437 0.016 15.498 0.089 13.071 0.015 68.0 C 
NGC 2158 2887-54521-451  91.88104   24.13031    25.8  1.6 6907  81 3.58 0.26 -0.22 0.04 15.782 0.019 14.809 0.005 14.602 0.007 14.616 0.007 14.658 0.012 54.5 C 
NGC 2158 2887-54521-452  91.92525   24.07644    26.7  1.6 6652  99 3.60 0.27 -0.24 0.02 16.017 0.023 15.098 0.008 14.668 0.007 14.609 0.007 14.623 0.013 53.8 C 
NGC 2158 2887-54521-460  91.88954   24.06314    25.8  2.1 7095  85 3.40 0.36 -0.17 0.07 16.112       15.711       15.420       16.213       16.480       48.6 B 
NGC 2158 2887-54521-511  91.83700   24.00167    25.6  1.7 6592  64 3.04 0.38 -0.31 0.06 15.952       15.551       15.030       15.823       16.090       51.6 B 
NGC 2158 2887-54521-531  91.88554   24.17808    20.1  0.8 5187 174 3.56 0.39 -0.16 0.04 15.761 0.023 13.912 0.007 13.318 0.008 13.069 0.006 12.978 0.015 70.0 C 
NGC 2158 2887-54521-532  91.91121   24.16419    27.3  0.8 4965 112 3.43 0.32 -0.22 0.01 15.808 0.019 13.818 0.005 13.033 0.007 15.253 0.010 12.656 0.012 72.2 C 
NGC 2158 2887-54521-547  91.92800   24.04764    26.7  0.8 5164 110 3.34 0.30 -0.30 0.04 15.667 0.019 14.036 0.005 13.279 0.007 15.157 0.009 12.933 0.012 72.5 C 
NGC 2158 2887-54521-552  91.92346   24.09833    27.7  0.8 5072  79 3.25 0.30 -0.26 0.02 16.300 0.022 14.450 0.005 13.636 0.007 15.007 0.009 13.235 0.012 68.7 C 
NGC 2158 2887-54521-559  91.94121   24.08608    29.1  0.9 5068  67 3.33 0.19 -0.26 0.04 16.438 0.023 14.711 0.005 13.861 0.007 14.448 0.011 13.452 0.012 66.1 C 
NGC 2158 2912-54499-409  91.79567   24.15931    30.6  2.9 7650 225 4.17 0.18 -0.23 0.05 17.219 0.033 16.096 0.008 15.818 0.008 15.730 0.006 15.755 0.016 49.5 C 
NGC 2158 2912-54499-416  91.80908   24.13578    28.3  2.1 7071 139 3.83 0.28 -0.25 0.03 17.231 0.034 16.068 0.016 15.912 0.019 15.847 0.007 15.883 0.017 49.5 C 
NGC 2158 2912-54499-417  91.80938   24.17028    30.6  2.7 6912  67 4.17 0.10 -0.39 0.03 17.411 0.036 16.393 0.008 16.183 0.008 16.096 0.007 16.176 0.017 39.0 C 
NGC 2158 2912-54499-442  91.87000   24.15608    25.4  1.8 7467 174 4.19 0.18 -0.24 0.07 16.790 0.027 15.875 0.013 15.620 0.030 15.648 0.082 15.700 0.015 55.7 C 
NGC 2158 2912-54499-444  91.88554   24.16933    29.6  1.7 7167 125 4.12 0.20 -0.28 0.03 16.719 0.026 15.777 0.007 15.692 0.008 15.724 0.009 15.810 0.016 52.5 C 
NGC 2158 2912-54499-445  91.88062   24.18756    25.1  1.8 7100 144 3.94 0.26 -0.30 0.08 16.825 0.029 15.852 0.007 15.754 0.008 15.732 0.006 15.795 0.016 51.4 C 
NGC 2158 2912-54499-446  91.89346   24.15556    19.8  3.0 7116 221 4.26 0.10 -0.23 0.04 17.804 0.046 16.870 0.009 16.608 0.008 16.586 0.008 16.649 0.018 32.9 C 
NGC 2158 2912-54499-450  91.86475   24.17319    36.9  1.6 6915  87 3.82 0.18 -0.29 0.03 16.321 0.025 15.327 0.007 15.234 0.008 15.193 0.006 15.264 0.015 62.7 C 
NGC 2158 2912-54499-453  91.85146   24.14342    22.9  2.6 7099 198 4.38 0.09 -0.22 0.04 17.123       16.722       16.400       17.192       17.460       48.7 B 
NGC 2158 2912-54499-458  91.89862   24.17961    26.1  1.8 7093  72 4.04 0.14 -0.31 0.05 16.725 0.026 15.716 0.006 15.580 0.007 15.578 0.007 15.651 0.013 55.5 C 
NGC 2158 2912-54499-459  91.81154   24.15192    16.3  3.8 6656  49 4.24 0.09 -0.25 0.02 18.930 0.237 16.882 0.010 16.710 0.012 16.542 0.011 16.494 0.018 34.8 C 
NGC 2158 2912-54499-461  91.75933   24.10450    18.5  2.7 7595 241 4.28 0.15 -0.30 0.02 17.674 0.051 16.613 0.027 16.241 0.025 16.143 0.026 16.150 0.028 40.8 C 
NGC 2158 2912-54499-462  91.77433   24.04967    26.3  2.4 7298 147 4.31 0.11 -0.27 0.02 17.603       17.202       16.710       17.503       17.769       44.6 B 
NGC 2158 2912-54499-483  91.82025   24.05197    25.1  1.6 7558 188 3.97 0.27 -0.19 0.06 16.563       16.162       15.810       16.603       16.869       60.2 B 
NGC 2158 2912-54499-484  91.81408   24.06819    26.2  1.9 7532 208 4.03 0.24 -0.19 0.05 16.710       16.310       15.959       16.752       17.019       56.6 B 
NGC 2158 2912-54499-488  91.78896   24.14458    19.7  2.4 6799  57 4.00 0.03 -0.23 0.04 17.353 0.034 16.269 0.013 15.983 0.009 15.820 0.008 15.896 0.017 43.8 C 
NGC 2158 2912-54499-489  91.79008   24.11892    27.2  1.7 7341 156 3.94 0.20 -0.22 0.04 16.779       16.379       15.998       16.791       17.058       58.8 B 
NGC 2158 2912-54499-499  91.79063   24.03228    28.6  2.5 7343 163 4.26 0.11 -0.36 0.04 17.341       16.941       16.479       17.272       17.539       46.8 B 
NGC 2158 2912-54499-501  91.84150   24.10564    20.1  3.1 7218 172 4.31 0.09 -0.31 0.01 17.793       17.392       17.040       17.833       18.100       40.0 B 
NGC 2158 2912-54499-502  91.85879   24.11939    25.2  2.3 7498 241 4.17 0.19 -0.21 0.04 17.143       16.742       16.471       17.264       17.531       49.6 B 
NGC 2158 2912-54499-503  91.82617   24.11897    19.4  1.8 7442 208 4.03 0.24 -0.23 0.06 16.810       16.409       16.089       16.881       17.149       56.4 B 
NGC 2158 2912-54499-505  91.86846   24.13533    26.0  1.7 7567 174 4.28 0.14 -0.16 0.04 16.861       16.461       16.199       16.992       17.259       55.2 B 
NGC 2158 2912-54499-506  91.84617   24.08989    23.9  3.1 6525  53 4.13 0.15 -0.25 0.03 18.350       17.950       17.549       18.341       18.609       30.3 B 
NGC 2158 2912-54499-507  91.81417   24.10178    26.7  2.5 7963 224 4.28 0.14 -0.13 0.03 16.863       16.462       16.189       16.982       17.248       54.9 B 
NGC 2158 2912-54499-509  91.82708   24.13514    31.1  2.1 7146 187 3.93 0.02 -0.30 0.04 16.821       16.420       16.069       16.863       17.130       59.2 B 
NGC 2158 2912-54499-510  91.88258   24.01472    27.7  2.7 6868  80 4.21 0.16 -0.37 0.05 17.751       17.351       16.889       17.682       17.949       40.1 B 
NGC 2158 2912-54499-511  91.86654   24.00914    32.5  2.6 6954  57 4.05 0.18 -0.27 0.04 17.669       17.269       16.768       17.561       17.828       41.8 B 
NGC 2158 2912-54499-514  91.83721   24.05189    30.6  1.7 7214 167 4.06 0.15 -0.23 0.04 16.733       16.331       15.950       16.743       17.010       59.6 B 
NGC 2158 2912-54499-515  91.83862   24.07103    30.0  2.4 7317 158 3.90 0.22 -0.31 0.02 17.174       16.772       16.420       17.213       17.479       49.9 B 
NGC 2158 2912-54499-516  91.82779   24.09117    24.5  1.8 7276 177 4.02 0.05 -0.15 0.03 16.831       16.431       16.059       16.852       17.119       57.5 B 
NGC 2158 2912-54499-518  91.85975   24.05356    30.8  2.0 7287 166 4.30 0.10 -0.28 0.06 17.250       16.850       16.509       17.302       17.569       48.6 B 
NGC 2158 2912-54499-519  91.85563   24.07247    26.8  2.3 7205 172 4.25 0.21 -0.25 0.03 17.595       17.193       16.851       17.644       17.910       43.5 B 
NGC 2158 2912-54499-531  91.93679   24.14572    28.8  2.1 6885  67 4.22 0.10 -0.24 0.03 17.091 0.031 16.252 0.007 16.068 0.008 16.101 0.008 16.185 0.016 46.8 C 
NGC 2158 2912-54499-534  91.93967   24.10997    34.4  3.3 6550  99 4.18 0.20 -0.18 0.03 18.393 0.072 17.488 0.010 17.107 0.009 17.031 0.009 17.058 0.021 26.5 C 
NGC 2158 2912-54499-539  91.91863   24.17281    19.1  3.1 7162 207 3.97 0.02 -0.31 0.01 17.653 0.043 16.770 0.008 16.530 0.008 16.525 0.008 16.570 0.017 37.5 C 
NGC 2158 2912-54499-540  91.91633   24.12875    32.4  2.7 6916 255 4.13 0.14 -0.28 0.04 17.803 0.048 16.963 0.008 16.669 0.010 16.636 0.012 16.709 0.022 35.7 C 
NGC 2158 2912-54499-542  91.90304   24.07997    24.6  1.4 6621  58 3.84 0.06 -0.37 0.04 16.305 0.022 15.386 0.016 15.098 0.020 15.060 0.007 15.074 0.013 67.9 C 
NGC 2158 2912-54499-543  91.89542   24.11381    26.0  2.4 6623 200 4.18 0.14 -0.29 0.01 17.404       17.003       16.620       17.412       17.679       44.3 B 
NGC 2158 2912-54499-544  91.88567   24.07508    23.4  3.6 6592 123 4.27 0.16 -0.38 0.02 18.191       17.790       17.339       18.132       18.399       29.2 B 
NGC 2158 2912-54499-545  91.88704   24.13492    30.0  1.7 7403 188 4.29 0.15 -0.18 0.07 16.690       16.290       16.019       16.812       17.079       56.6 B 
NGC 2158 2912-54499-547  91.87900   24.11878    30.3  2.6 6722 200 4.36 0.09 -0.29 0.05 17.780       17.380       16.999       17.792       18.060       38.6 B 
NGC 2158 2912-54499-549  91.88500   24.09136    24.5  1.8 7209 188 4.34 0.10 -0.15 0.04 16.893       16.492       16.180       16.972       17.239       56.8 B 
NGC 2158 2912-54499-552  91.89858   24.05819    25.7  1.6 7312 155 3.92 0.18 -0.26 0.05 16.443       16.042       15.730       16.522       16.789       62.0 B 
NGC 2158 2912-54499-553  91.89375   24.03914    26.6  3.3 7047 196 4.12 0.14 -0.28 0.03 17.423       17.021       16.670       17.462       17.729       44.8 B 
NGC 2158 2912-54499-556  91.87758   24.05083    27.8  1.7 7276 171 3.88 0.03 -0.11 0.03 16.560       16.160       15.839       16.632       16.900       63.1 B 
NGC 2158 2912-54499-558  91.92079   24.06769    25.3  1.6 7249 161 4.03 0.20 -0.19 0.06 16.741 0.026 15.915 0.006 15.600 0.007 15.591 0.007 15.652 0.014 57.5 C 
NGC 2158 2912-54499-559  91.93942   24.06436    27.1  2.7 7027 197 4.32 0.13 -0.29 0.01 17.750 0.045 16.870 0.008 16.545 0.008 16.497 0.008 16.517 0.017 36.8 C 
NGC 2158 2912-54499-560  91.89983   24.02447    23.4  2.3 6784  77 4.08 0.16 -0.28 0.02 17.742       17.341       16.870       17.662       17.929       39.3 B 