
 1 4184143881214538112 19 15 26.120 -16 05 57.10  900 2016/05/24 01:37:46.061 3.163 0.049  1.709 0.085 -25.438 0.071 7.04 7.71 6.30 40.56 1.89
 2 4183949198935967232 19 17 23.840 -16 04 24.30  900 2016/05/24 01:56:40.485 3.237 0.049 -0.537 0.077 -26.453 0.065 7.18 7.93 6.38 38.51 0.17
 4 4184137077986034048 19 17 11.300 -16 03 08.20 1200 2016/05/24 02:15:32.621 3.250 0.056 -0.797 0.089 -26.997 0.077 8.02 8.66 7.31 41.33 0.18
 6 4087762027643173248 19 17 03.430 -17 03 13.80 1200 2016/05/24 02:38:39.041 3.291 0.068 -1.365 0.108 -26.523 0.093 8.03 8.62 7.33 41.77 0.19
10 4184125807991900928 19 15 51.290 -16 17 59.10 1200 2016/05/24 03:03:21.454 3.197 0.044 -0.629 0.076 -26.895 0.071 8.12 8.73 7.42 40.80 0.22
11 4183930438518525184 19 18 09.780 -16 16 22.20 1200 2016/05/24 04:44:48.073 3.368 0.042 -1.243 0.084 -27.019 0.077 8.25 8.88 7.53 41.62 0.14
23 4087853875535923200 19 15 42.69 -16 33 05.0 15 3.388 0.070 -0.707 0.157 -26.717 0.104 11.38 11.71 10.91 42.46 1.34
71 4087860506965490560 19 15 45.11 -16 23 15.7 19 3.196 0.044 -1.350 0.085 -26.558 0.062 11.64 11.99 11.15
75 4183936795070404352 19 16 11.21 -16 21 48.5 11 3.321 0.042 -0.701 0.068 -26.871 0.063 12.73 13.17 12.14 39.71 4.79
76 4088004611707768320 19 13 43.34 -16 49 10.9 11 3.194 0.095 -0.696 0.108 -25.737 0.078 12.27 12.66 11.73 42.86 1.42
78 4184245586042699008 19 16 08.79 -15 24 27.9 58 3.257 0.086 -1.166 0.240 -27.336 0.150 11.41 11.74 10.93
79 4088057521393630848 19 14 28.16 -16 20 02.3 57 3.175 0.096 -0.902 0.257 -26.688 0.162 12.17 12.56 11.64 43.63 1.34
81 4087847067995609728 19 15 18.97 -16 39 24.4 21 3.216 0.050 -2.166 0.090 -25.484 0.073 11.43 11.75 10.96 41.59 1.33
83 4088110332311492224 19 13 41.26 -16 10 20.1  5 3.267 0.085 -2.413 0.241 -26.055 0.158 11.81 12.19 11.27
85 4087838959097352064 19 16 59.40 -16 35 27.1 34 3.279 0.040 -1.238 0.079 -25.733 0.066 12.41 12.82 11.86 42.80 2.97
90 4087736159069458304 19 16 36.72 -17 13 10.1  8 3.252 0.038 -0.618 0.069 -25.935 0.062 12.09 12.45 11.57 42.91 0.74
91 4184135394358918656 19 16 47.25 -16 04 09.3  7 3.231 0.033 -0.727 0.059 -26.952 0.055 12.35 12.76 11.79 42.20 0.68
93 4184182737768311296 19 16 22.03 -15 46 15.9  6 3.085 0.040 -0.937 0.065 -26.009 0.057 12.55 12.98 11.98 42.18 2.03
94 4184146900561610880 19 15 21.41 -16 00 10.7 11 3.107 0.062 -0.676 0.082 -26.241 0.071 12.76 13.21 12.17 42.52 0.31
97 4184136558285344000 19 17 02.85 -16 05 16.6 13 3.250 0.038 -0.805 0.062 -27.640 0.057 12.59 13.01 12.02 39.82 1.17
98 4183940127965076224 19 16 26.56 -16 14 54.5  7 3.489 0.154 -1.927 0.203 -27.787 0.178 12.96 13.47 12.25 44.97 2.20