
201110617 4460.0  50.0 -0.33 0.08  4.68 0.1    0.616 0.019 0.016 0.642 0.022 0.019 12.947   
201111557 4720.0  50.0 -0.06 0.08  4.5  0.1    0.711 0.019 0.020 0.746 0.023 0.023 11.363   
201127519 5015.0  50.0  0.24 0.08  4.67 0.1    0.789 0.025 0.017 0.857 0.021 0.023 11.558   
201130233 5456.0  50.0  0.13 0.08  4.55 0.1    0.876 0.045 0.025 0.940 0.023 0.027 12.604   
201132684 5489.0  50.0  0.07 0.08  4.46 0.1    0.892 0.074 0.036 0.933 0.027 0.030 11.678   
201166680 6213.0  50.0  0.14 0.08  4.32 0.1    1.22  0.12  0.07  1.192 0.033 0.030 10.897   
201211526 5728.0  50.0 -0.2  0.08  4.51 0.1    0.891 0.056 0.037 0.936 0.032 0.031 11.696   
201225286 5419.0  50.0 -0.1  0.08  4.57 0.1    0.830 0.045 0.029 0.886 0.027 0.032 11.729   
201227197 5649.0  50.0  0.07 0.08  4.61 0.1    0.914 0.037 0.026 0.983 0.023 0.025 12.486   
201231064 4972.0  50.0 -0.03 0.08  3.63 0.1    2.57  0.31  0.25  0.987 0.082 0.060 12.358   
201295312 5722.0  50.0  0.04 0.08  4.02 0.1    1.56  0.26  0.19  1.050 0.068 0.045 12.126   
201299088 5154.0  50.0 -0.26 0.08  3.91 0.1    1.76  0.21  0.17  0.848 0.023 0.010 11.751   
201352100 5216.0  50.0  0.16 0.08  4.7  0.1    0.815 0.027 0.018 0.889 0.019 0.024 12.798   
201384232 5617.0  53.0 -0.12 0.08  4.67 0.1    0.863 0.034 0.030 0.930 0.029 0.030 12.510   
201390048 4885.0  50.0 -0.09 0.08  4.71 0.1    0.726 0.020 0.020 0.777 0.025 0.026 11.961   
201403446 6114.0  50.0 -0.32 0.08  4.11 0.1    1.33  0.16  0.15  1.015 0.054 0.046 11.995   
201427874 4937.0  50.0  0.14 0.08  4.71 0.1    0.762 0.018 0.013 0.826 0.019 0.023 12.819   
201437844 6321.0  50.0 -0.23 0.08  4.19 0.1    1.27  0.17  0.13  1.119 0.055 0.043  9.234 b 
201441872 5450.0  50.0 -0.13 0.08  4.54 0.1    0.834 0.050 0.031 0.885 0.029 0.031 12.088   
201460826 5791.0  50.0 -0.23 0.08  3.81 0.1    2.20  0.31  0.25  1.181 0.093 0.061 11.130   
201505350 5391.0  50.0 -0.03 0.08  4.6  0.1    0.834 0.036 0.026 0.895 0.026 0.030 12.806   
201528828 5185.0  50.0 -0.05 0.08  4.46 0.1    0.804 0.045 0.029 0.835 0.031 0.030 11.415   
201546283 5368.0  50.0  0.15 0.08  4.58 0.1    0.855 0.038 0.025 0.920 0.023 0.025 12.428   
201577035 5638.0  50.0 -0.03 0.08  4.53 0.1    0.902 0.054 0.032 0.958 0.026 0.029 12.296   
201595106 5705.0  50.0 -0.01 0.08  4.48 0.1    0.932 0.064 0.038 0.980 0.026 0.029 11.678   
201613023 5663.0  50.0 -0.11 0.08  4.3  0.1    1.01  0.12  0.09  0.936 0.032 0.033 12.137   
201615463 5922.0  57.0  0.05 0.08  4.24 0.102  1.20  0.18  0.14  1.073 0.034 0.034 11.964   
201713348 4944.0  50.0 -0.03 0.08  4.7  0.1    0.746 0.019 0.021 0.800 0.023 0.027 11.531   
201828749 5628.0  50.0 -0.18 0.08  4.57 0.1    0.858 0.045 0.032 0.915 0.029 0.030 11.564   
201855371 4382.0  50.0 -0.35 0.08  4.71 0.1    0.601 0.017 0.015 0.625 0.020 0.019 12.997   
201920032 5548.0  50.0  0.13 0.08  4.42 0.1    0.934 0.090 0.047 0.954 0.027 0.027 12.890   
202089657 6009.0  53.0 -0.12 0.08  4.09 0.1    1.47  0.22  0.22  1.116 0.057 0.074 11.600   
202091388 5586.0  50.0  0.15 0.08  4.5  0.1    0.922 0.062 0.032 0.976 0.024 0.026 13.500   
202675839 5807.0  50.0  0.45 0.08  4.25 0.1    1.23  0.19  0.13  1.141 0.050 0.039 12.362   
202821899 6081.0  50.0  0.46 0.08  3.88 0.1    2.22  0.28  0.30  1.53  0.09  0.10  12.577   
202900527 5526.0  58.0  0.44 0.08  4.29 0.1    1.42  0.27  0.21  1.004 0.086 0.047 12.303   
203771098 5744.0  50.0  0.44 0.08  4.41 0.1    1.068 0.097 0.050 1.095 0.028 0.029 11.648   
203826436 5382.0  57.0 -0.07 0.08  4.66 0.1    0.818 0.032 0.025 0.887 0.025 0.031 12.241   
204750116 5869.0  53.0  0.02 0.08  4.53 0.1    0.987 0.051 0.039 1.037 0.026 0.030 11.526   
205029914 5774.0  50.0 -0.08 0.08  4.37 0.1    0.98  0.11  0.06  0.983 0.029 0.034 12.183   
205071984 5415.0  50.0  0.03 0.08  4.73 0.1    0.839 0.026 0.021 0.916 0.020 0.026 12.005   
205904628 5908.0  50.0 -0.45 0.08  3.88 0.1    1.83  0.29  0.28  1.02  0.12  0.09   8.220 b 
205944181 5257.0  50.0  0.03 0.08  4.49 0.1    0.825 0.046 0.026 0.872 0.026 0.033 12.410   
205950854 5554.0  50.0 -0.13 0.08  4.46 0.1    0.874 0.068 0.039 0.907 0.029 0.032 12.105   
205957328 5317.0  50.0  0.04 0.08  4.59 0.1    0.828 0.033 0.021 0.892 0.022 0.027 12.464   
206007892 5548.0  50.0  0.26 0.08  4.56 0.1    0.919 0.049 0.030 0.986 0.028 0.026 12.023   
206008091 5748.0  50.0 -0.11 0.08  4.34 0.1    0.98  0.11  0.07  0.964 0.032 0.032 12.506   
206011496 5509.0  50.0  0.07 0.08  4.49 0.1    0.889 0.061 0.030 0.940 0.025 0.027 10.916   
206026904 5134.0  50.0  0.11 0.08  4.54 0.1    0.803 0.034 0.020 0.858 0.022 0.027 12.150   
206044803 5761.0  50.0  0.17 0.08  4.38 0.1    1.02  0.11  0.06  1.030 0.029 0.029 12.975   
206049764 5250.0  50.0 -0.09 0.08  3.95 0.1    1.72  0.22  0.19  0.892 0.060 0.027 12.445   
206082454 5569.0  50.0 -0.06 0.08  4.61 0.1    0.869 0.038 0.029 0.934 0.026 0.027 12.308   
206096602 4636.0  50.0 -0.29 0.08  4.7  0.1    0.648 0.021 0.018 0.684 0.022 0.023 12.045   
206114630 5277.0  50.0  0.12 0.08  4.65 0.1    0.825 0.030 0.019 0.897 0.021 0.024 11.032   
206119924 4547.0  50.0  0.01 0.08  4.64 0.1    0.687 0.015 0.017 0.727 0.020 0.021 10.310   
206144956 4799.0  50.0 -0.34 0.08  4.55 0.1    0.669 0.023 0.021 0.702 0.025 0.023 10.396   
206146957 5744.0  50.0 -0.14 0.08  4.57 0.1    0.902 0.048 0.034 0.956 0.031 0.030 11.379   
206159027 4893.0  50.0 -0.21 0.08  4.74 0.1    0.702 0.021 0.021 0.751 0.025 0.026 12.597   
206169375 6060.0  50.0 -0.08 0.08  4.19 0.1    1.26  0.22  0.15  1.096 0.056 0.047 12.559   
206181769 5131.0  50.0  0.06 0.08  4.53 0.1    0.799 0.034 0.021 0.848 0.023 0.028 12.770   
206192335 5459.0  50.0 -0.15 0.08  4.59 0.1    0.826 0.039 0.028 0.883 0.029 0.030 11.870   
206245553 5844.0  50.0  0.09 0.08  4.35 0.1    1.05  0.13  0.07  1.043 0.026 0.027 11.745   
206268299 5929.0  60.0 -0.21 0.08  4.24 0.11   1.09  0.14  0.11  0.987 0.040 0.040 12.430   
206348688 6022.0  51.0  0.3  0.08  4.26 0.1    1.24  0.16  0.11  1.174 0.048 0.041 12.566   
206439513 6211.0  59.0 -0.25 0.08  3.56 0.104  3.47  0.48  0.44  1.62  0.07  0.10  11.437   
206535016 5199.0  50.0 -0.17 0.08  4.52 0.1    0.777 0.038 0.028 0.815 0.032 0.029 11.644   
210363145 5070.0  50.0  0.12 0.08  4.67 0.1    0.784 0.024 0.014 0.852 0.019 0.024 11.896   
210365511 4672.0  50.0 -0.1  0.08  4.63 0.1    0.692 0.020 0.021 0.730 0.024 0.023 12.439   
210402237 5839.0  51.0  0.2  0.08  4.41 0.1    1.038 0.092 0.050 1.062 0.029 0.026 11.801   
210403955 5377.0  50.0  0.07 0.08  4.65 0.1    0.841 0.031 0.022 0.913 0.021 0.024 12.388   
210423938 4760.0  50.0 -0.14 0.08  4.69 0.1    0.697 0.021 0.020 0.741 0.024 0.026 12.655   
210512842 5580.0  70.0 -0.25 0.08  4.52 0.12   0.843 0.058 0.039 0.882 0.034 0.036 12.106 a 
210558622 4500.0  50.0 -0.24 0.08  4.62 0.1    0.639 0.020 0.019 0.668 0.022 0.021 12.034   
210609658 5016.0  50.0  0.2  0.08  3.81 0.1    2.15  0.26  0.21  1.009 0.081 0.049 12.587   
210629082 6148.0  50.0  0.28 0.08  4.15 0.1    1.45  0.25  0.18  1.256 0.078 0.058 11.580   
210643811 5909.0  50.0  0.05 0.08  4.11 0.1    1.42  0.21  0.17  1.095 0.057 0.039 10.632   
210667381 5428.0  50.0  0.15 0.08  4.63 0.1    0.864 0.033 0.020 0.939 0.020 0.025 12.674   
210707130 4441.0  50.0 -0.14 0.08  4.65 0.1    0.647 0.020 0.019 0.678 0.021 0.022 12.099   
210718708 5129.0  50.0 -0.35 0.08  4.52 0.1    0.722 0.035 0.025 0.757 0.028 0.029 12.801   
210775710 5738.0  50.0  0.07 0.08  4.4  0.1    0.98  0.10  0.05  1.003 0.026 0.027 11.827   
210848071 5703.0  50.0 -0.06 0.08  4.38 0.1    0.956 0.099 0.055 0.964 0.030 0.032 11.040   
210857328 6063.0  50.0  0.41 0.08  4.38 0.1    1.214 0.087 0.061 1.211 0.032 0.038 12.584   
210894022 5741.0  50.0 -0.36 0.08  4.36 0.1    0.92  0.11  0.08  0.877 0.036 0.041 12.300   
210957318 5574.0  50.0  0.13 0.08  4.53 0.1    0.909 0.054 0.029 0.970 0.024 0.027 13.171   
210965800 5525.0  50.0  0.09 0.08  4.55 0.1    0.887 0.044 0.026 0.951 0.023 0.028 12.134   
211048999 5015.0  50.0  0.03 0.08  4.63 0.1    0.768 0.022 0.018 0.824 0.022 0.027 12.659   
211089792 5392.0  50.0  0.13 0.08  4.59 0.1    0.858 0.040 0.024 0.923 0.023 0.026 12.914   
211106187 4883.0  98.0 -1.1  0.092 2.27 0.162 13.2   4.6   2.7   1.10  0.47  0.18  13.124 a 
211147528 6254.0  98.0  0.15 0.092 3.19 0.161  5.4   0.5   1.0   2.02  0.05  0.13  11.832 a 
211319617 5263.0  50.0 -0.59 0.08  4.7  0.1    0.681 0.021 0.016 0.730 0.020 0.022 12.393   
211351816 4836.0  50.0  0.27 0.08  3.5  0.1    2.95  0.37  0.30  1.054 0.089 0.067 12.409   
211355342 5609.0  50.0  0.42 0.08  4.46 0.1    0.999 0.077 0.041 1.044 0.024 0.029 12.637   
211359660 5159.0  50.0 -0.01 0.08  4.59 0.1    0.790 0.032 0.021 0.847 0.024 0.031 11.742   
211391664 6095.0  50.0 -0.1  0.08  4.09 0.1    1.51  0.22  0.22  1.156 0.082 0.069 12.102   
211401787 6114.0  50.0 -0.15 0.08  4.01 0.1    1.68  0.27  0.23  1.20  0.10  0.09   9.709   
211418290 5070.0  59.0 -0.43 0.08  3.25 0.104  3.69  0.54  0.39  0.915 0.068 0.051 11.504   
211424769 6185.0  50.0 -0.12 0.08  4.34 0.1    1.12  0.11  0.07  1.102 0.041 0.037  9.438 b 
211491383 6035.0  50.0 -0.07 0.08  4.16 0.1    1.31  0.22  0.16  1.101 0.053 0.050 11.785   
211525389 5475.0  50.0  0.26 0.08  4.51 0.1    0.909 0.058 0.036 0.965 0.031 0.029 11.687   
211562654 5482.0  50.0  0.09 0.08  4.6  0.1    0.873 0.037 0.023 0.942 0.021 0.025 12.754   
211594205 5252.0  50.0 -0.22 0.08  4.63 0.1    0.764 0.033 0.025 0.819 0.028 0.030 10.680   
211606790 5445.0  50.0  0.07 0.08  4.05 0.1    1.48  0.22  0.17  0.947 0.073 0.032 12.673   
211611158 5722.0  50.0 -0.05 0.08  4.58 0.1    0.914 0.044 0.033 0.976 0.028 0.028 12.414   
211682544 5410.0  50.0 -0.04 0.08  4.58 0.1    0.837 0.040 0.027 0.898 0.027 0.031 11.407   
211733267 5319.0  50.0 -0.05 0.08  4.55 0.1    0.819 0.040 0.028 0.872 0.027 0.029 12.150   
211736671 5414.0  53.0  0.48 0.08  3.75 0.1    2.31  0.38  0.35  1.29  0.11  0.11  12.160   
211743874 5985.0  50.0  0.08 0.08  4.14 0.1    1.41  0.18  0.19  1.128 0.056 0.040 12.486   
211763214 5277.0  50.0 -0.2  0.08  4.54 0.1    0.782 0.043 0.028 0.826 0.030 0.031 12.529   
211770696 5656.0  52.0 -0.28 0.08  4.23 0.1    1.06  0.12  0.11  0.872 0.037 0.035 12.253   
211800191 5851.0  70.0 -0.35 0.08  4.43 0.12   0.906 0.091 0.053 0.917 0.036 0.040 12.443 a 
211818569 4695.0  50.0 -0.14 0.08  4.68 0.1    0.686 0.020 0.021 0.727 0.025 0.024 12.935   
211886472 6398.0  61.0  0.17 0.08  4.03 0.112  1.74  0.32  0.27  1.39  0.11  0.08  11.126   
211906650 5784.0  50.0  0.06 0.08  4.45 0.1    0.981 0.075 0.041 1.019 0.023 0.027 12.193   
211913977 4942.0  53.0  0.14 0.08  4.66 0.1    0.770 0.022 0.015 0.833 0.020 0.024 12.619   
211941472 5739.0  50.0  0.02 0.08  4.11 0.1    1.38  0.19  0.16  1.020 0.043 0.033 11.788   
211945201 6046.0  50.0  0.05 0.08  4.14 0.1    1.41  0.21  0.18  1.143 0.059 0.040 10.115   
211978988 5759.0  50.0 -0.03 0.08  4.31 0.1    1.04  0.13  0.09  0.988 0.028 0.030 12.588   
211993818 5265.0  50.0 -0.04 0.08  3.2  0.1    4.26  0.68  0.52  1.11  0.13  0.06   7.218 b 
212006318 5838.0  50.0  0.03 0.08  4.32 0.1    1.07  0.14  0.09  1.030 0.027 0.028 12.909   
212008766 5098.0  50.0 -0.15 0.08  4.7  0.1    0.748 0.026 0.021 0.805 0.026 0.027 12.802   
212012119 4822.0  50.0 -0.08 0.08  4.44 0.1    0.727 0.023 0.021 0.760 0.028 0.025 11.753   
212110888 5990.0  50.0 -0.01 0.08  4.11 0.1    1.45  0.21  0.20  1.120 0.053 0.044 11.441   
212132195 4789.0  50.0 -0.18 0.08  4.71 0.1    0.692 0.021 0.020 0.737 0.025 0.024 11.670   
212138198 5182.0  50.0  0.29 0.08  4.55 0.1    0.839 0.038 0.028 0.898 0.027 0.029 12.902   
212157262 5477.0  50.0  0.26 0.08  4.62 0.1    0.895 0.041 0.026 0.967 0.025 0.024 12.864   
212164470 5982.0  50.0  0.16 0.08  4.36 0.1    1.11  0.11  0.06  1.107 0.031 0.025 12.704   
212303338 5338.0  50.0  0.19 0.08  4.51 0.1    0.863 0.053 0.030 0.915 0.025 0.029  9.957   
212357477 5733.0  50.0  0.04 0.08  4.51 0.1    0.947 0.058 0.033 1.000 0.024 0.028 10.215   
212394689 5503.0  50.0 -0.01 0.08  4.61 0.1    0.862 0.038 0.027 0.928 0.024 0.027 12.206   
212460519 4396.0  50.0 -0.44 0.08  4.73 0.1    0.589 0.016 0.014 0.610 0.019 0.018 12.445   
212480208 5631.0  50.0 -0.19 0.08  4.38 0.1    0.912 0.096 0.058 0.905 0.033 0.036 10.892   
212496592 5176.0  50.0  0.31 0.08  4.57 0.1    0.840 0.036 0.026 0.901 0.026 0.028 12.966   
212521166 4877.0  50.0 -0.3  0.08  4.51 0.1    0.692 0.024 0.023 0.724 0.025 0.024 11.590   
212534729 5378.0  50.0 -0.06 0.08  4.47 0.1    0.843 0.064 0.034 0.879 0.029 0.032 13.066   
212555594 5252.0  50.0  0.05 0.08  4.49 0.1    0.828 0.042 0.027 0.873 0.024 0.031 12.482   
212562715 5570.0  50.0  0.04 0.08  4.59 0.1    0.888 0.038 0.027 0.955 0.022 0.026 13.046   
212577658 5343.0  50.0  0.33 0.08  4.51 0.1    0.890 0.052 0.033 0.945 0.027 0.031 11.541   
212580872 5623.0  50.0  0.21 0.08  4.46 0.1    0.957 0.074 0.045 0.994 0.029 0.027 13.047   
212586030 5084.0  50.0  0.36 0.08  3.95 0.1    1.82  0.22  0.15  1.007 0.077 0.043 11.689   
212587672 5928.0  50.0 -0.21 0.08  4.49 0.1    0.953 0.057 0.043 0.987 0.034 0.033 12.188   
212639319 5465.0  50.0  0.29 0.08  3.98 0.1    1.64  0.26  0.23  1.051 0.097 0.073 12.471   
212645891 5759.0  50.0  0.18 0.08  4.46 0.1    0.990 0.072 0.040 1.033 0.026 0.026 12.641   
212672300 5979.0  52.0  0.1  0.08  4.21 0.1    1.28  0.18  0.17  1.110 0.046 0.035 12.846   
212686205 4621.0  50.0 -0.26 0.08  4.7  0.1    0.651 0.021 0.017 0.687 0.023 0.022 12.256   
212689874 5712.0  50.0 -0.09 0.08  4.55 0.1    0.906 0.047 0.033 0.963 0.028 0.032 12.330   
212691422 6045.0  50.0  0.01 0.08  4.08 0.1    1.54  0.23  0.19  1.162 0.075 0.045 11.923   
212697709 5773.0  50.0  0.31 0.08  4.43 0.1    1.040 0.087 0.054 1.068 0.035 0.032 12.193   
212703473 5758.0  50.0  0.11 0.08  4.46 0.1    0.978 0.068 0.039 1.020 0.025 0.027 10.729   
212735333 5675.0  50.0 -0.01 0.08  4.58 0.1    0.910 0.042 0.031 0.975 0.025 0.029 11.977   
212768333 5262.0  50.0 -0.16 0.08  4.63 0.1    0.778 0.031 0.024 0.836 0.029 0.029 11.022   
212772313 5675.0  50.0  0.03 0.08  4.25 0.1    1.12  0.16  0.13  0.972 0.026 0.026 10.471   
212779596 4681.0  50.0 -0.23 0.08  4.69 0.1    0.667 0.020 0.019 0.706 0.024 0.023 11.930   
212803289 6033.0  50.0  0.15 0.08  3.78 0.1    2.28  0.32  0.26  1.42  0.10  0.11  11.014   
212828909 5233.0  50.0 -0.04 0.08  4.71 0.1    0.792 0.024 0.022 0.860 0.023 0.027 12.244   
213546283 5631.0  50.0 -0.15 0.08  4.29 0.1    0.99  0.12  0.10  0.911 0.035 0.035 12.031   
213817056 4863.0  50.0  0.27 0.08  4.38 0.1    0.781 0.030 0.022 0.817 0.027 0.026 12.964   
214234110 5608.0  50.0  0.37 0.08  4.46 0.1    0.985 0.077 0.042 1.032 0.028 0.031 11.624   
214254518 4455.0  50.0 -0.28 0.08  4.68 0.1    0.624 0.019 0.018 0.653 0.022 0.021 11.874   
215171927 4972.0  50.0  0.02 0.08  4.52 0.1    0.764 0.025 0.018 0.811 0.024 0.026 12.692   
215502661 5694.0  50.0 -0.0  0.08  4.22 0.1    1.16  0.17  0.14  0.978 0.029 0.027 12.032   
215854715 5310.0  50.0  0.01 0.08  4.63 0.1    0.821 0.029 0.023 0.885 0.023 0.028 12.611   
216008129 5507.0  50.0  0.13 0.08  4.68 0.1    0.878 0.029 0.021 0.956 0.020 0.021 11.966   
216050437 6391.0 101.0  0.45 0.095 4.18 0.166  1.52  0.28  0.16  1.381 0.094 0.070 12.326 a 
216114172 5742.0  56.0  0.19 0.08  4.5  0.1    0.977 0.061 0.039 1.029 0.028 0.027 12.603   
216166748 5679.0  50.0  0.35 0.08  4.49 0.1    1.002 0.061 0.046 1.050 0.030 0.034 11.884   
216387101 5529.0  50.0 -0.22 0.08  3.91 0.1    1.77  0.23  0.21  0.990 0.041 0.038 12.897   
216405287 5491.0  58.0  0.27 0.08  4.55 0.102  0.911 0.051 0.034 0.971 0.030 0.028 12.997   
216468514 6178.0  50.0  0.35 0.08  4.24 0.1    1.33  0.18  0.10  1.258 0.051 0.046 12.749   
216494238 5767.0  50.0  0.44 0.08  4.47 0.1    1.064 0.069 0.047 1.101 0.025 0.028 12.302   
217192839 4661.0  50.0 -0.33 0.08  4.66 0.1    0.646 0.021 0.019 0.678 0.023 0.022 12.601   
217855533 6244.0  50.0 -0.06 0.08  4.11 0.1    1.47  0.23  0.18  1.203 0.089 0.062 10.043   
217941732 4528.0  50.0 -0.24 0.08  4.62 0.1    0.644 0.020 0.018 0.675 0.021 0.021 12.283   
217977895 5570.0  50.0  0.0  0.08  4.61 0.1    0.882 0.038 0.028 0.948 0.025 0.028 12.745   
218131080 6235.0  82.0  0.14 0.08  4.22 0.137  1.29  0.24  0.12  1.214 0.064 0.049 12.700 a 
218170789 5250.0  50.0  0.07 0.08  4.31 0.1    0.874 0.051 0.049 0.858 0.028 0.024 12.890   
218304292 5779.0  51.0 -0.29 0.08  4.13 0.1    1.23  0.17  0.14  0.918 0.057 0.043 12.511   
218668602 5231.0  50.0  0.21 0.08  4.68 0.1    0.825 0.027 0.019 0.899 0.021 0.023 12.411   
218916923 5425.0  50.0  0.23 0.08  4.66 0.1    0.872 0.034 0.023 0.949 0.024 0.022 11.470   
219388192 5689.0  50.0  0.16 0.08  4.43 0.1    0.970 0.088 0.045 1.004 0.026 0.025 12.336   
220170303 5000.0  50.0 -0.07 0.08  4.43 0.1    0.763 0.030 0.024 0.794 0.033 0.028 12.114   
220186645 5755.0  50.0  0.07 0.08  4.23 0.1    1.18  0.16  0.14  1.009 0.031 0.027 12.961   
220192485 5220.0  50.0 -0.1  0.08  4.54 0.1    0.793 0.040 0.028 0.840 0.027 0.031 11.758   
220207765 5318.0  50.0  0.26 0.08  4.68 0.1    0.852 0.033 0.023 0.927 0.025 0.023 12.170   
220211923 5890.0  50.0 -0.26 0.08  4.25 0.1    1.08  0.13  0.11  0.951 0.038 0.036 12.250   
220216730 5043.0  50.0 -0.14 0.08  4.46 0.1    0.758 0.032 0.027 0.789 0.030 0.028 12.826   
220218012 5522.0  50.0  0.11 0.08  4.41 0.1    0.928 0.092 0.051 0.942 0.028 0.028 12.971   
220225178 5582.0  50.0 -0.11 0.08  4.62 0.1    0.862 0.034 0.030 0.925 0.030 0.030 12.302   
220241529 4720.0  50.0 -0.06 0.08  4.46 0.1    0.712 0.020 0.020 0.745 0.026 0.024 10.717   
220245303 5121.0  50.0 -0.03 0.08  4.69 0.1    0.775 0.023 0.021 0.837 0.024 0.028 11.821   
220250254 5396.0  50.0  0.05 0.08  4.55 0.1    0.852 0.042 0.025 0.912 0.023 0.028 11.507   
220256496 5221.0  50.0  0.11 0.08  4.6  0.1    0.816 0.033 0.019 0.882 0.019 0.027 12.872   
220292715 4895.0  50.0 -0.15 0.08  4.52 0.1    0.724 0.025 0.022 0.762 0.026 0.025 12.213   
220294712 6057.0  58.0  0.1  0.08  4.38 0.103  1.115 0.098 0.058 1.120 0.031 0.030 12.264   
220317172 5374.0  50.0  0.09 0.08  4.59 0.1    0.847 0.036 0.023 0.913 0.021 0.026 12.107   
220321605 4349.0  50.0 -0.33 0.08  4.72 0.1    0.598 0.017 0.014 0.622 0.020 0.018 12.588   
220341183 5794.0  50.0  0.25 0.08  4.25 0.1    1.20  0.17  0.13  1.070 0.055 0.038 12.043   
220376054 5768.0  50.0  0.12 0.08  4.27 0.1    1.12  0.15  0.12  1.022 0.031 0.028 11.597   
220383386 5366.0  50.0 -0.01 0.08  4.54 0.1    0.837 0.048 0.027 0.890 0.026 0.029  8.945   
220397060 5333.0  51.0  0.05 0.08  4.2  0.101  0.99  0.24  0.09  0.869 0.025 0.020 12.835   
220410754 5758.0  50.0 -0.05 0.08  4.22 0.1    1.16  0.18  0.13  0.993 0.032 0.033 12.843   
220471666 5704.0  50.0  0.11 0.08  4.41 0.1    0.974 0.095 0.049 1.000 0.026 0.027 12.798   
220481411 4591.0  50.0 -0.18 0.08  4.59 0.1    0.666 0.022 0.019 0.699 0.023 0.023 12.100   
220487418 5967.0  50.0  0.04 0.08  4.17 0.1    1.33  0.20  0.17  1.103 0.046 0.037 12.062   
220503236 5757.0  50.0  0.25 0.08  4.45 0.1    1.008 0.080 0.046 1.047 0.031 0.028 12.713   
220555384 4360.0  50.0 -0.2  0.08  4.69 0.1    0.622 0.020 0.017 0.650 0.021 0.020 12.395   
220592745 5753.0  50.0  0.13 0.08  4.23 0.1    1.19  0.16  0.14  1.022 0.034 0.030 11.923   
220621788 5599.0  50.0  0.06 0.08  4.43 0.1    0.930 0.089 0.044 0.960 0.026 0.029 11.752   
220643470 4621.0  50.0 -0.78 0.08  2.17 0.1   13.7   2.3   1.6   0.97  0.22  0.13  10.839   
220648214 5785.0  50.0  0.01 0.08  4.21 0.1    1.20  0.17  0.15  1.012 0.033 0.027 12.390   
220650439 5716.0  50.0  0.13 0.08  4.57 0.1    0.948 0.045 0.029 1.011 0.024 0.025 12.232   
220674823 5590.0  50.0  0.08 0.08  4.54 0.1    0.906 0.051 0.029 0.967 0.023 0.028 11.958   
220679255 5966.0  50.0  0.01 0.08  4.33 0.1    1.08  0.13  0.07  1.071 0.027 0.032 11.975   
220709978 5934.0  50.0 -0.3  0.08  4.29 0.1    1.04  0.13  0.10  0.950 0.040 0.036  9.443   
228721452 5859.0  50.0  0.19 0.08  4.54 0.1    1.013 0.055 0.035 1.067 0.026 0.026 11.325   
228725972 5614.0  50.0 -0.22 0.08  4.63 0.1    0.840 0.038 0.030 0.902 0.028 0.029 12.482   
228729473 4939.0  50.0 -0.04 0.08  3.54 0.1    2.88  0.38  0.33  1.00  0.11  0.08  11.524   
228732031 5113.0  50.0 -0.15 0.08  4.5  0.1    0.765 0.033 0.026 0.803 0.028 0.030 11.937   
228734889 5792.0  50.0  0.0  0.08  4.52 0.1    0.956 0.054 0.037 1.008 0.027 0.029 12.59    
228734900 5733.0  50.0  0.47 0.08  4.26 0.1    1.21  0.20  0.13  1.115 0.054 0.035 11.535   
228735255 5637.0  50.0  0.29 0.08  4.33 0.1    1.05  0.14  0.08  1.017 0.036 0.034 12.483   
228736155 5397.0  50.0 -0.08 0.08  4.62 0.1    0.824 0.034 0.027 0.886 0.028 0.030 12.042   
228737155 4382.0  50.0 -0.72 0.08  2.07 0.1   16.0   2.0   1.4   0.874 0.090 0.046 11.081   
228754001 5035.0  50.0  0.07 0.08  3.8  0.1    2.16  0.26  0.20  0.984 0.072 0.039 11.651   
228760097 5673.0  50.0 -0.1  0.08  4.58 0.1    0.891 0.041 0.031 0.951 0.028 0.030 11.512   
228798746 4764.0  50.0 -0.13 0.08  4.67 0.1    0.699 0.022 0.020 0.742 0.025 0.023 12.66    
228801451 5231.0  50.0 -0.03 0.08  4.59 0.1    0.802 0.034 0.023 0.858 0.025 0.029 10.955   
228804845 6002.0  50.0  0.21 0.08  4.29 0.1    1.18  0.14  0.09  1.131 0.041 0.029 12.551   
228809391 5611.0  50.0  0.06 0.08  4.55 0.1    0.907 0.046 0.028 0.970 0.022 0.026 12.595   
228952747 4315.0  50.0 -0.33 0.08  4.73 0.1    0.593 0.017 0.015 0.615 0.019 0.018 12.224   
229004835 5870.0  50.0 -0.15 0.08  4.4  0.1    0.975 0.088 0.053 0.990 0.034 0.035 10.151   
229039390 5833.0  50.0 -0.04 0.08  4.41 0.1    0.987 0.088 0.048 1.013 0.029 0.031 12.735   
229131722 5928.0  50.0  0.23 0.08  4.42 0.1    1.078 0.092 0.053 1.100 0.034 0.028 12.515   
229133720 4933.0  50.0 -0.12 0.08  4.65 0.1    0.728 0.022 0.021 0.778 0.026 0.027 11.477   