
 1  40 37.29 0.01  1 4586 34 2.47 0.08  0.20 0.14 1.55 0.01 145 11 3.28 0.56 HN 1.56 0.04 288.85883333333334 -16.099194444444443
 2  32 38.68 0.01  1 4373 30 1.96 0.08  0.04 0.12 1.66 0.01 129  9 2.94 0.62 HN 1.55 0.05 289.34933333333333 -16.073416666666667
 4  42 41.20 0.01  1 4725 33 2.60 0.08  0.07 0.12 1.61 0.01 148 12 2.40 0.68 HN 1.52 0.04 289.2970833333333 -16.05227777777778
 6  47 41.38 0.01  1 4736 33 2.51 0.08  0.07 0.11 1.51 0.01 164 11 2.39 0.68 HN 1.53 0.05 289.2642916666667 -17.053833333333333
10  50 40.77 0.01  1 4744 33 2.38 0.08  0.07 0.11 1.50 0.01 161 12 2.22 0.71 HN 1.53 0.05 288.96370833333333 -16.299750000000003
11  47 41.44 0.01  1 4718 32 2.60 0.08  0.15 0.10 1.48 0.01 138 10 2.44 0.65 HN 1.52 0.05 289.54075 -16.27283333333333
23 115 41.41 0.01 15 6273 80 4.27 0.09 -0.01 0.13 1.79 0.03 214 14 2.39 2.20  H 1.18 0.03 288.927875 -16.55138888888889
71 114 41.70 0.34 19 6178 74 4.32 0.10  0.05 0.12 1.57 0.02 218 10 2.78 1.69  H 1.14 0.02 288.9379583333333 -16.387694444444445
75  50 42.19 0.01 11 5602 50 4.45 0.08  0.11 0.12 1.14 0.03 246 13 0.47 1.61  H 0.96 0.01 289.04670833333336 -16.363472222222224
76  57 42.67 0.01 11 5825 61 4.26 0.08  0.14 0.11 1.21 0.02 235 12 0.00 1.60  H 1.05 0.01 288.43058333333335 -16.819694444444444
78 182 41.00 0.30 59 6279 80 4.29 0.09  0.06 0.10 1.57 0.03 212 11 5.19 1.55  H 1.18 0.02 289.036625 -15.40775
79 150 41.75 0.01 58 5932 62 4.47 0.09  0.20 0.11 1.14 0.03 246 14 0.00 1.60  H 1.05 0.01 288.6173333333333 -16.333972222222222
81 148 41.37 0.05 21 6163 79 4.15 0.09  0.03 0.09 1.43 0.02 240 14 0.00 1.60  H 1.26 0.07 288.8290416666667 -16.656777777777776
83  49 41.71 0.00  5 5987 77 4.43 0.10 -0.04 0.13 1.42 0.03 202  8 2.00 1.48  H 1.06 0.01 288.4219166666667 -16.172250000000002
85 133 42.66 0.02 34 5767 62 4.42 0.09  0.07 0.11 1.27 0.02 237 16 2.08 1.09  H 1.0  0.01 289.2475 -16.59086111111111
90  59 42.75 0.04  8 5994 68 4.48 0.10  0.09 0.12 1.21 0.02 232 13 0.00 1.60  H 1.07 0.01 289.153 -17.21947222222222
91  55 41.67 0.01  7 5825 66 4.51 0.09  0.11 0.11 1.16 0.02 220 11 0.00 1.60  H 1.02 0.01 289.196875 -16.06925
93  43 41.61 0.01  6 5841 57 4.53 0.09  0.18 0.13 1.19 0.03 221  9 1.21 1.29  H 1.02 0.01 289.09179166666667 -15.771083333333333
94  70 42.06 0.01 20 5612 49 4.49 0.09  0.15 0.14 1.15 0.03 236 14 1.67 0.99  H 0.96 0.01 288.8392083333333 -16.002972222222223
97  73 40.36 0.02 13 5649 53 4.29 0.09 -0.04 0.11 1.27 0.03 237 11 1.74 1.10  H 0.98 0.01 289.261875 -16.087944444444442
98  39 40.68 0.04  7 5380 43 4.60 0.07 -0.04 0.16 0.85 0.05 219  7 1.78 0.89  H 0.9  0.01 289.11066666666665 -16.248472222222222