					
361	5.33	0.41	21	1	1	85	1	0.724	 72.5 	5537	 72.5 	4.55	0.82	
391	5.00	0.56	33	1	1	83	1	0.73	 72.5 	5517	 72.5 	4.55	0.80	
413	4.67	0.41	29	1	1	99	1	0.517	0.022	6312	89	4.37	1.67	
429	5.95	0.45	30	1	1	85	1	0.85	 72.5 	5124	 72.5 	4.62	0.80	
517	5.55	0.28	28	1	1	86	1	0.83	 72.5 	5186	 72.5 	4.61	0.80	
520	6.03	0.70	26	1	1	99	1	0.57	 72.5 	6102	 72.5 	4.43	1.42			
575	5.86	0.77	30	1	1	84	1	0.76	 72.5 	5415	 72.5 	4.57	0.80	
684	4.24	0.51	25	1	1	97	1	0.50	 72.5 	6381	 72.5 	4.35	1.75					
701	5.03	0.33	31	1	1	98	1	0.69	 72.5 	5656	 72.5 	4.53	0.94	
720	4.78	0.52	28	1	1	99	1	0.494	0.034	6405	139	4.34	1.78					
748	4.44	0.39	33	1	1	83	1	1.198	0.007	4209	15	4.75	0.80	
768	3.50	0.75	20	1	1	99	1	0.490	 72.5 	6422	 72.5 	4.34	1.80	
783	5.31	0.32	32	1	1	99	1	0.61	 72.5 	5949	 72.5 	4.47	1.25		
790	4.61	0.64	30	1	1	90	1	0.529	0.018	6264	72	4.38	1.61	
791	4.36	0.40	30	1	1	99	1	0.543	0.017	6208	67	4.40	1.55						
847	6.24	0.73	27	1	1	78	1	1.03	 72.5 	4609	 72.5 	4.69	0.80	
859	5.08	0.26	30	1	1	79	1	0.67	 72.5 	5728	 72.5 	4.52	1.01	
864	5.51	0.32	27	1	1	99	1	0.578	0.017	6071	66	4.44	1.39	
889	4.24	0.41	26	1	1	99	1	0.551	0.018	6177	71	4.41	1.51	
917	5.70	0.57	27	1	1	82	1	0.93	 72.5 	4884	 72.5 	4.65	0.80	
921	5.54	0.33	34	1	1	98	1	0.553	0.007	6169	27	4.41	1.50	
952	4.92	0.45	29	1	1	99	1	0.54	 72.5 	6220	 72.5 	4.40	1.56	
953	7.19	0.68	32	1	1	99	1	0.600	0.008	5987	30	4.46	1.29						
983	5.43	0.21	28	1	1	99	1	0.61	 72.5 	5949	 72.5 	4.47	1.25	
993	5.65	0.53	34	1	1	89	1	0.708	 72.5 	5593	 72.5 	4.54	0.87	
1007	6.36	0.63	33	1	1	97	1	0.556	0.042	6157	165	4.41	1.49		
1027	5.11	0.34	32	1	1	96	1	0.541	0.036	6216	143	4.40	1.56	
1083	6.18	0.65	26	1	1	99	1	0.484	0.007	6446	29	4.33	1.82	
1107	4.20	0.36	26	1	1	84	1	0.66	 72.5 	5764	 72.5 	4.51	1.05	
1129	6.55	0.51	24	1	1	99	1	0.481	0.007	6459	29	4.33	1.84				
1196	5.83	0.55	28	1	1	87	1	0.91	 72.5 	4942	 72.5 	4.65	0.80	
1270	5.25	0.46	34	1	1	77	1	0.70	 72.5 	5621	 72.5 	4.54	0.90	
1365	4.53	0.55	33	1	1	98	1	0.71	 72.5 	5586	 72.5 	4.54	0.86	