 1002 629109 99 1.558 0.167 2 4136 1.52 1.70  57 10.3 0.5   1.6 1.3    
 1004 651096 99 1.382 0.153 2 4393 1.95 1.61  66  7.1 0.2   2.0 0.9    
 1007 735344  0 1.544 0.161 2 4149 1.65 1.67  53  8.1 0.4  -1.7 1.3    
 1014 805161 99 1.560 0.154 2 4113 1.52 1.70  57  4.6 0.3   1.1 1.7    
 1016 845941 99 1.745 0.145 1 3797 1.09 1.78  19  4.6 0.6   3.1 3.4    
 2001 650699  0 1.238 0.162 3 4654 2.66 1.47  72  7.2 0.2   0.2 0.7    
 2003 638506 99 1.142 0.164 2 4839 1.59 1.68  60  6.8 0.2   3.1 0.8    
 2004 670726 99 1.324 0.160 2 4500 2.22 1.56 100  7.9 0.2   0.4 0.8    
 2006 687312 98 1.204 0.166 3 4724 2.48 1.50  72 14.2 0.4   1.0 0.8    
 2007 713501 99 1.205 0.163 3 4716 2.48 1.50  76  5.3 0.2   3.2 0.8    
 2012 505036 98 1.197 0.151 3 4709 2.48 1.50 107  7.3 0.2   0.0 0.7 SB1
 2016 721388 99 1.759 0.171 1 3818 1.09 1.78  18 31.2 7.1   9.1 4.4    
 3001 656659 99 1.169 0.166 3 4790 2.78 1.44 129 15.9 0.4   2.1 0.7    
 3003 651311 99 1.301 0.148 2 4519 1.56 1.69  44  4.1 0.2   3.5 1.4    
 3004 611400 99 1.228 0.173 3 4692 2.54 1.49 113  7.4 0.2   1.2 0.7    
 3005 667224 99 1.234 0.165 3 4666 2.48 1.50  63  6.7 0.2   2.4 0.8    
 3007 730339 99 1.203 0.157 3 4709 2.48 1.50  74  6.2 0.2   2.3 0.7    
 3009 758213 99 1.202 0.163 2 4722 2.39 1.52 139  7.3 0.2   2.5 0.8    
 3021 896096 21 1.138 0.163 1 4845 2.45 1.51  98  8.3 0.2   1.3 0.7    
 4001 648574 98 1.189 0.159 4 4739 2.91 1.42  85  8.1 0.2   1.7 0.8    
 4002 654182 76 1.224 0.161 2 4677 2.34 1.53  80  5.2 0.2   3.4 0.8    
 4005 710298 99 1.208 0.165 3 4714 2.48 1.50  70  7.1 0.2   1.0 0.7    
 4007 673936 98 1.260 0.164 3 4618 2.54 1.49  81  6.6 0.2   3.8 0.8    
 4008 740543 98 1.104 0.156 3 4900 2.60 1.48  39  7.8 0.3   3.3 1.0 SB1
 4009 746124 94 1.201 0.156 2 4710 2.45 1.51  86  6.3 0.2   2.0 0.8    
 4011 690032 99 1.184 0.150 2 4731 2.48 1.50  72  6.9 0.2   4.3 0.9    
 4014 520868  0 1.247 0.143 1 4604 2.04 1.59  69  7.7 0.2   2.1 0.8    
 5002 633342 99 1.151 0.159 2 4812 2.36 1.53  78  6.3 0.1   0.5 0.6    
 5003 674255 99 1.491 0.162 2 4233 1.80 1.64  58 17.6 1.1   1.4 2.1    
 5004 688824 96 1.116 0.143 4 4849 3.06 1.32  82  9.4 0.4   0.5 1.2    
 5005 698498 98 1.208 0.147 3 4681 2.48 1.50 108  8.6 0.2   1.5 0.7    
 5006 692084 99 0.465 0.169 3 7106 3.70 1.13 305 14.4 0.5   3.5 1.0    
 5007 720630 98 1.259 0.179 3 4646 2.54 1.49  62  5.8 0.2   3.5 0.8    
 5011 780539 96 1.248 0.167 3 4645 2.60 1.48  62  6.8 0.2   2.2 0.8    
 5012 725354 98 1.197 0.140 2 4688 2.66 1.47  78  7.9 0.2   2.8 0.8    
 5014 560620 99 1.289 0.148 1 4539 2.34 1.53 100  8.0 0.2   1.8 0.8    
 5016 505772 97 1.305 0.181 2 4569 2.48 1.50  63  7.7 0.2   3.7 0.9    
 6002 638404 99 1.085 0.159 3 4946 2.41 1.52  81  6.3 0.2  -0.8 0.7 SB1
 6003 668583 99 1.191 0.148 3 4714 2.48 1.50  66  6.9 0.2   2.4 0.7    
 6004 686375 98 0.644 0.147 4 6247 3.74 1.79 129 17.7 0.7  11.8 1.2 SB1
 6009 575765 98 1.201 0.174 3 4744 2.54 1.49 129  7.6 0.2   1.6 0.7    
 7003 632982 95 1.285 0.160 3 4567 2.48 1.50  79  9.1 0.3   1.5 0.8    
 7004 612012  0 0.618 0.171 4 6451 3.75 1.95 195 20.4 0.9   2.6 1.4 SB1
 7005 629781  0 1.136 0.158 3 4839 2.98 1.40  82  6.5 0.2   2.6 0.7    
 7008 558828 90 0.695 0.162 4 6105 3.77 1.67 287 13.0 0.5   1.7 1.2    
 7009 609963 99 1.226 0.146 2 4646 2.60 1.48  82 19.8 0.8   9.6 1.3 SB1
 7013 673354  0 0.460 0.142 2 7007 3.54 1.18 369 16.7 0.4   2.2 0.8    
 7017 453057  0 1.240 0.154 3 4636 2.72 1.46 110  8.3 0.3   2.1 0.9    
 7021 486330 31 1.260 0.140 1 4576 2.85 1.43 122  5.8 0.1   2.7 0.7    
 8002 659730 14 1.102 0.158 3 4908 2.45 1.51  96  7.5 0.2   4.9 0.8    
 8003 647602 99 1.240 0.147 3 4623 2.60 1.48  74  6.9 0.2   1.2 0.8    
 8004 626063 99 0.731 0.165 4 5978 3.75 1.58 255 16.7 0.5   1.9 1.0    
 8005 594983 98 1.046 0.173 4 5061 2.98 1.40 107  7.5 0.2   0.2 0.6    
 8007 583758 94 1.094 0.170 4 4950 3.13 1.30 101  6.3 0.2   3.2 0.7 SB1
 8010 608178 99 1.157 0.148 2 4779 2.91 1.42  67  6.8 0.2   4.3 0.8    
 8012 573979 99 0.646 0.149 3 6247 3.75 1.79 132 17.8 0.7   7.2 1.2 SB1
 8013 520424  0 1.145 0.150 2 4806 2.48 1.50 125  5.5 0.1   1.6 0.6    
 8018 744158 99 1.098 0.145 3 4890 3.06 1.32  75  7.8 0.2   0.8 0.7    
 9003 621590 99 0.538 0.175 3 6808 3.61 1.16 265 19.8 0.8   2.6 1.2    
 9004 656067 99 0.663 0.160 4 6223 3.83 2.30 219 29.3 1.0  -1.0 1.4    
 9005 683262 99 0.508 0.169 4 6913 3.73 1.12 323 20.4 0.8   0.2 1.3    
 9009 644883  0 0.692 0.152 4 6078 3.75 1.65 133 14.0 0.5   1.8 0.9    
 9010 702563 99 1.108 0.143 3 4865 2.98 1.40  95  6.4 0.2   2.9 0.7    
 9015 482811 81 1.291 0.175 4 4583 3.06 1.32  62  6.6 0.2   1.4 0.8    
 9024 419298  5 1.088 0.165 2 4952 2.72 1.46  68  9.5 0.3   1.3 0.8    
 9026 403874 16 1.013 0.166 2 5120 2.72 1.46 162  6.1 0.1   4.3 0.6 SB1
10002 666923 97 1.169 0.146 3 4752 2.48 1.50 128  7.9 0.2   1.9 0.7    
10004 616827 93 0.674 0.160 4 6180 3.83 2.26 207 16.3 0.6   2.8 1.2    
10005 619368  2 0.422 0.161 4 7267 3.95 1.05 264 14.8 0.8   4.7 1.6    
10010 748582 96 0.581 0.153 4 6530 3.70 2.03 209 16.0 0.8   4.7 1.5    
10016 825113  0 0.514 0.146 3 6786 3.70 1.13 202 15.7 0.5   1.0 1.0 SB1
11002 657242 99 1.183 0.149 2 4731 2.48 1.50  72  8.4 0.3   2.5 1.0    
11003 682062  0 1.132 0.148 4 4827 3.21 1.28 142  6.0 0.1   2.7 0.6    
11005 600501 99 0.687 0.165 4 6148 3.75 1.71 272 19.1 0.8   4.4 1.3    
11006 615142 99 0.748 0.158 4 5887 3.75 1.51 223 13.7 0.2   2.0 0.5    
11010 544437 99 0.653 0.156 4 6247 3.75 1.79 131 18.7 0.6   2.1 0.9    
11014 508096 99 0.654 0.191 4 6385 3.77 1.88 192 21.3 0.8   3.6 1.2    
11018 864682 98 0.682 0.158 3 6140 3.75 1.70 171 15.1 0.6   2.2 1.2    
11020 441092  0 0.571 0.174 3 6661 3.66 2.15 275 15.5 0.5   4.9 1.1    
11021 649725  0 0.588 0.170 3 6572 3.75 2.04 192 19.6 0.8   4.8 1.2    
12002 662742  0 1.253 0.169 3 4639 2.48 1.50  69  7.9 0.2   0.3 0.8    
12003 617736  0 0.738 0.168 4 5963 3.75 1.56 192 15.6 0.3   6.9 0.7 SB1
12011 761537 95 0.626 0.156 4 6356 3.92 2.29 237 17.0 0.7   2.8 1.2    
12016 763063 98 1.120 0.163 3 4882 3.13 1.30  91  7.1 0.2   3.9 0.8    
12022 485032 44 0.735 0.168 3 5974 3.77 1.56 146  4.7 0.2   1.3 1.3    
12023 380723 29 0.621 0.163 2 6405 3.56 1.17 198 30.2 1.1   1.4 1.5    
13002 645727 86 1.158 0.150 3 4781 2.91 1.42  62 32.2 1.0   3.7 1.4    
13003 643834 10 0.593 0.152 4 6475 3.77 1.96 244 17.3 0.6   2.3 1.1    
13004 637584 99 0.653 0.170 4 6303 3.92 2.25 173 18.3 0.7   1.9 1.2    
13006 576422 99 0.660 0.166 3 6259 3.92 2.21 267 15.5 0.6   1.7 1.1    
13007 652955 90 0.973 0.163 4 5208 3.58 1.17 145  6.2 0.1   4.3 0.6    
13010 655339 99 0.605 0.158 3 6451 3.83 2.48 216 19.8 0.7   1.4 1.1    
13011 723879 99 0.587 0.143 3 6463 4.02 2.24 186 17.5 0.7   3.1 1.2    
13015 740083 99 1.023 0.139 3 5036 3.57 1.17  99  4.6 0.1   3.3 0.5    
13019 846583 94 0.641 0.144 3 6247 3.75 1.79 147  7.1 0.3   3.0 1.2    
14002 672304 99 0.573 0.157 2 6580 3.70 2.07  90 17.3 0.6   5.3 1.1    
14003 618306 96 0.425 0.175 4 7319 4.09 1.01 266 21.8 0.9   3.8 1.4    
14006 689631 99 0.677 0.165 4 6188 3.92 2.15 275 18.5 0.7   1.7 1.2    
14010 751577 99 0.611 0.153 4 6405 3.92 2.33 199 21.5 0.7   4.7 1.2    
14017 856594 98 1.070 0.156 3 4971 3.58 1.17  82 15.9 0.4   2.3 0.8    
15002 634578  0 0.698 0.163 2 6097 3.73 1.68 224 20.8 0.4   8.6 0.7 SB1
15003 671172 35 0.634 0.146 4 6283 3.92 2.23 244 12.1 0.4   0.8 1.1    
15005 595560  0 1.102 0.176 4 4946 3.57 1.17 107  9.2 0.2   2.4 0.7    
15008 745415 98 0.616 0.161 4 6418 4.02 2.21 171 18.2 0.6   2.7 1.1    
15010 721461 99 0.625 0.163 4 6389 3.92 2.32 232 13.7 0.5   2.9 1.0    
15015 477385  0 0.643 0.158 4 6295 3.83 2.36 300 12.1 0.4   3.2 1.0    
15018 842326  0 0.667 0.145 3 6148 3.83 2.24 132 20.3 1.0   4.1 1.7    
15025 889535  0 0.964 0.164 2 5232 3.70 1.02  83  7.5 0.1   1.2 0.5    
16002 627187  2 0.676 0.170 4 6211 3.75 1.76 135 16.3 0.7   5.7 1.2 SB1
16005 683497 99 0.612 0.139 4 6344 3.83 2.40 213 18.9 0.7   5.0 1.0    
16007 684706 68 0.632 0.163 4 6360 3.92 2.29 100 19.1 0.7   4.0 1.1    
16015 489236 99 0.654 0.146 3 6203 3.83 2.28 276 20.1 0.6   2.0 1.0    
16019 865733  0 0.662 0.152 3 6195 3.77 1.74 263  9.1 0.3   4.5 1.0    
17002 665288 99 0.595 0.166 4 6525 3.75 2.00 279 12.4 0.5   4.2 1.1    
17004 692251 99 0.607 0.158 4 6442 4.02 2.23 234 16.1 0.6   3.3 1.1    
17005 711139 96 0.679 0.153 4 6132 3.83 2.23 272 21.1 0.7  -3.2 1.1 SB1
17006 601213  0 0.582 0.162 4 6563 3.83 2.57 226 20.3 0.7   1.6 1.1    
17009 760306 99 0.677 0.161 4 6172 3.92 2.14 177 19.6 0.9   2.9 1.1    
17010 534743 99 0.662 0.157 3 6215 3.92 2.18 223 22.1 0.8   3.4 1.3    
17012 751487 99 0.562 0.142 4 6563 4.02 2.32 102 20.9 0.7   1.5 1.1    
17013 682072 99 0.639 0.146 3 6263 3.83 2.33 198 19.7 0.6   2.7 0.9    
17014 731018 99 0.612 0.164 3 6446 4.02 2.23  60 18.2 1.0   4.9 1.8    
17025 810567 27 0.696 0.169 3 6129 3.75 1.69 210 21.9 0.7   9.3 1.1 SB1
17026 505628  0 0.580 0.166 2 6588 3.75 2.05 194 17.9 0.6   5.1 1.0    
18002 632882 99 0.758 0.161 4 5861 3.77 1.48 288 11.4 0.2   5.1 0.6    
18004 698349  0 0.631 0.154 2 6328 4.02 2.14 208 15.6 0.6   0.3 1.0    
18005 689728 98 0.627 0.149 4 6324 3.92 2.26 217 11.9 0.4   2.0 1.0    
18006 584328 99 0.654 0.165 4 6279 3.92 2.23 116 20.5 0.7   4.2 1.1    
18008 557674 99 0.645 0.166 4 6320 4.02 2.13 104 15.8 0.5   1.7 1.0    
18009 741957 99 0.643 0.162 4 6311 3.92 2.25 230 13.7 0.5   2.9 1.1    
18013 773412 99 0.643 0.144 3 6239 3.83 2.31 139 20.8 0.7   3.4 1.2    
18017 853078 99 0.674 0.157 3 6168 3.92 2.14  74 18.0 0.9   4.8 1.5    
18018 435833  2 0.840 0.146 4 5510 3.92 1.61 120  6.6 0.2   4.3 0.7    
18019 869517 99 0.644 0.148 3 6251 3.92 2.20 144 16.1 0.7  -1.8 1.3 SB1
19002 655334  8 0.661 0.150 4 6191 3.77 1.73 251 18.0 0.7   4.3 1.3    
19005 647168 98 0.624 0.157 4 6368 4.02 2.17 238 19.5 0.7   4.6 1.2    
19006 691220 99 0.650 0.165 4 6295 3.92 2.24  64 16.9 0.9   4.9 1.6    
19007 741958  0 0.637 0.163 4 6340 3.92 2.28 221 21.5 0.8   2.2 1.3    
19009 665040 99 0.617 0.157 3 6397 3.92 2.32 102 19.7 1.0   2.6 1.6    
19020 449586 73 0.683 0.176 3 6207 3.92 2.17 129 16.5 0.4   1.6 0.8    
19021 727070 55 0.612 0.151 3 6393 3.92 2.32 129 21.6 0.8   3.2 1.3    
20005 624987 99 0.628 0.165 4 6385 4.02 2.18 231 20.4 0.7   2.5 1.1    
20007 614853 99 0.623 0.147 4 6332 3.92 2.27 235 12.6 0.5   3.5 1.1    
20010 714043 99 0.595 0.145 3 6438 4.02 2.22  77 29.5 1.3  11.9 1.7 SB1
20012 672022 99 0.632 0.184 4 6446 4.02 2.23 242 23.2 0.9   3.0 1.1    
20013 509424 99 1.103 0.191 4 4975 3.56 1.17  88 11.3 0.3 -16.2 0.7 SB1
20015 506358 99 0.607 0.139 3 6364 4.02 2.17 185 12.1 0.4   2.3 0.9    
20016 651983 99 0.858 0.150 3 5471 3.83 1.14 124  5.9 0.1   3.1 0.6    
20020 425462 61 0.685 0.174 3 6191 3.92 2.16 258 19.6 0.6   2.7 1.0    
20029 377245 23 0.664 0.166 2 6243 3.75 1.78 187 17.5 0.8   4.1 1.4    
21006 683073 99 0.607 0.159 4 6446 4.02 2.23 230 19.8 0.7   4.4 1.2    
21007 622256 91 0.632 0.159 4 6344 3.92 2.28 163 28.6 1.4   5.6 1.9 SB1
21009 556452 99 0.639 0.163 4 6332 4.02 2.14 114 12.6 0.5   2.6 1.1    
21011 753360 99 0.571 0.144 4 6534 4.12 2.17 188 18.0 0.6   3.3 1.1    
21012 656318 99 0.635 0.183 4 6430 4.02 2.22 174 16.2 0.6   1.7 1.1    
21014 817924 99 0.573 0.142 3 6517 4.12 2.16 243 18.6 0.7   3.7 1.2    
21021           1.054 0.175 3 5047 3.55 1.17 127  6.2 0.1   3.1 0.6    
21022 731595 47 0.623 0.174 3 6442 4.02 2.23  48 22.2 1.3   5.9 2.0    
22002 647165 99 0.590 0.154 4 6496 3.92 2.40 226 23.5 0.9   3.2 1.3    
22005 618096  0 0.641 0.162 4 6320 4.02 2.13 191 20.5 0.8   3.6 1.2    
22007 741713 99 0.661 0.160 4 6231 3.92 2.19 241 16.7 0.6   2.8 1.1    
22008 562815 99 0.637 0.161 4 6332 4.02 2.14 144 17.0 0.6   2.0 1.1    
22009 603116 95 0.639 0.171 3 6364 4.02 2.17  87 13.9 0.5   3.0 1.2    
22010 769086 99 0.645 0.163 4 6307 4.02 2.12 194 16.3 0.5   3.2 0.9    
22013 753941 99 0.887 0.159 4 5416 3.92 1.05 184 17.2 0.4   2.8 0.7    
22018 462262 93 0.601 0.152 3 6442 4.02 2.23 171 21.0 0.8   3.3 1.0    
22020 606173 99 0.587 0.163 3 6546 4.02 2.31 122 17.3 0.6  -7.0 1.1 SB1
22022 577111 53 0.589 0.155 2 6505 4.02 2.28 117 16.6 0.7   4.2 1.3    
23002 673335  1 0.650 0.166 4 6299 3.92 2.24 222 16.1 0.6   1.3 1.0    
23005 651312 17 0.606 0.157 4 6442 4.02 2.23 226 17.1 0.6   1.7 1.0    
23006 606619 99 1.038 0.156 4 5041 3.55 1.17 100  6.8 0.1   1.9 0.5    
23007 739601 99 0.658 0.161 4 6247 4.02 2.07 135 20.0 0.8   2.9 1.3    
23011 571190 99 0.539 0.155 3 6717 4.12 2.32 185 19.8 0.8   1.6 1.2    
23016 752881 99 0.621 0.161 2 6397 4.02 2.19 189 19.2 0.6   2.3 1.1    
23017 840686 99 0.598 0.145 3 6426 4.02 2.21 195 19.7 0.7   3.6 1.1    
23020 832112  1 0.585 0.154 2 6517 4.02 2.29 201 22.1 0.8   2.8 1.0    
23022 392441 52 0.619 0.166 2 6426 4.02 2.21 201 20.9 0.8   3.5 1.2    
24007 727591 99 0.620 0.169 4 6434 4.02 2.22  35  7.6 0.9   2.9 3.4    
24010 547426 99 0.613 0.160 4 6426 4.02 2.21 158 19.6 0.7   2.7 1.1    
24012 584395 99 0.578 0.145 3 6509 4.12 2.15 147 20.0 0.8 -15.4 1.3 SB1
24013 540641 96 0.601 0.149 3 6430 4.02 2.22 144 15.2 0.5   3.5 1.0    
24014 493193  0 0.603 0.173 4 6521 4.21 2.04 170 20.1 0.9   3.2 1.4    
24017 469955 99 0.588 0.143 3 6459 4.02 2.24 105 13.6 0.4   0.5 0.9    
24024 887799  0 0.570 0.164 2 6622 3.75 2.08  94 18.0 0.7   1.4 1.2    
24029 911195  0 0.741 0.165 1 5940 3.92 1.96 155  7.7 0.1   2.3 0.5    
25004 689584 99 0.620 0.164 4 6413 4.02 2.20 264 12.9 0.6   7.0 1.3 SB1
25005 671678 99 0.616 0.157 4 6401 4.02 2.19 259 16.9 0.6   3.1 1.1    
25008 618259 89 0.593 0.160 4 6509 4.12 2.15 190 21.3 0.7  -0.2 1.1    
25009 716797 99 0.619 0.164 4 6418 4.02 2.21 235 14.2 0.5   3.2 1.0    
25013 613273 99 0.634 0.180 4 6422 4.02 2.21 240 13.0 0.5   4.1 1.2    
25014 550002 99 0.615 0.182 4 6509 4.21 2.03 185 18.7 0.7   1.7 1.2    
25017 578411 99 0.590 0.140 3 6438 4.02 2.22  98 17.3 0.8   2.4 1.4    
25018 769307 89 0.559 0.142 3 6576 4.12 2.20 155 22.1 0.9   3.9 1.4    
26003 634099 99 0.581 0.158 4 6551 4.12 2.18 173 23.9 1.1   0.8 1.6    
26004 616289 98 0.634 0.167 4 6368 4.02 2.17 206 15.3 0.6   4.1 1.3    
26007 741287 52 0.620 0.162 4 6405 4.02 2.20 192 19.9 1.5 -14.6 2.5 SB1
26009 719650 97 0.599 0.148 4 6434 4.02 2.22 211 15.2 0.5   1.5 1.0    
26011 754265 99 0.583 0.155 4 6530 4.12 2.17 183 16.8 0.6   2.9 1.3    
26013 805163 99 0.616 0.164 3 6430 4.02 2.22 204 20.1 0.8   3.1 1.1    
26015 661903 99 0.562 0.146 3 6580 4.02 2.34 212 20.0 0.8   4.3 1.1    
26017 679411 99 0.571 0.149 3 6555 4.02 2.32 214 23.3 0.8   3.5 1.1    
26019 830556 75 0.551 0.150 3 6644 4.02 2.39 161 16.6 0.6   3.4 1.1    
26026 802381 37 0.747 0.176 2 5959 4.02 1.84 162 11.4 0.3   2.3 0.9    
27004 622938 91 0.652 0.167 4 6295 4.02 2.11 183 18.9 0.8   2.5 1.3    
27007 642784 99 0.615 0.163 4 6430 4.02 2.22 137 15.6 0.6   3.7 1.2    
27012 795402 99 0.591 0.168 4 6551 4.12 2.18 215 20.0 0.7   4.3 1.1    
27015 735873 99 0.590 0.142 3 6446 4.02 2.23 186 18.5 0.6   2.4 1.0    
27019 440806 98 0.605 0.146 3 6401 4.02 2.19 183 18.9 0.8   1.7 1.2    
27020 690059 97 0.616 0.171 3 6459 4.12 2.11 173 20.7 0.8   2.4 1.3 SB1
27021 519732 57 0.588 0.141 3 6451 4.02 2.23 227 18.5 0.6   1.5 1.0    
27023 762432 55 0.976 0.170 3 5217 4.02 0.85  78  9.7 0.2   3.2 0.7    
28012 549532 99 0.603 0.157 3 6455 4.12 2.11 173 10.3 0.4   2.3 1.1    
28016 730502 99 0.577 0.147 3 6521 4.02 2.29 223 23.6 0.8  -0.7 1.0    
28017 847509 99 0.587 0.146 3 6475 4.12 2.12 206 19.4 0.7   3.2 1.0    
28018 452601 99 0.567 0.146 3 6559 4.21 2.07  94 19.3 0.8   1.5 1.4    
28022 536699 53 0.573 0.143 3 6521 4.12 2.16 188 13.8 0.5   1.4 1.1    
28028 446650 61 1.415 0.167 2 4362 3.46 1.20  57  8.3 0.3  -0.1 0.9    
29006 720476 99 0.613 0.158 4 6418 4.02 2.21 150 17.1 0.6   0.9 1.0    
29014 506918 99 0.602 0.139 3 6385 4.21 1.93 113 16.3 1.2   3.6 2.1    
29016 495506 99 0.662 0.183 4 6320 4.12 2.00 214 16.0 0.7   4.3 1.3    
29019 878619 99 0.570 0.161 3 6610 4.12 2.23 177 20.6 0.7   2.9 1.1    
30006 715503 99 0.649 0.167 4 6307 4.02 2.12 184 20.8 1.0   2.1 1.5    
30009 763026 99 0.613 0.162 4 6434 4.12 2.09 199 14.6 0.6   3.4 1.0    
30014 593212 98 0.567 0.139 3 6530 4.21 2.05 154  9.1 0.4   2.6 1.3    
30016 466147 99 0.614 0.168 3 6455 4.12 2.11 190 21.4 0.8   1.6 1.3    
30017 720916 98 0.599 0.173 3 6538 4.12 2.17 176 15.8 0.6   4.5 1.1    
30024 467914 52 0.653 0.144 3 6199 3.83 2.28 218 19.4 0.6   2.5 1.0    
30027 453267 56 0.612 0.164 2 6446 4.12 2.10 182 16.6 0.7   2.8 1.3    
31005 697645 99 0.596 0.148 3 6446 4.12 2.10 194 21.6 0.7   2.4 1.2    
31011 630171 99 0.606 0.185 3 6559 4.21 2.07 202 22.1 1.0   3.9 1.5    
31012 511926  0 0.667 0.175 4 6267 4.21 1.84 151 11.8 0.4   4.1 1.2    
31023 759339 59 0.627 0.174 2 6426 4.02 2.21 185 17.3 0.6   1.8 1.3    
31026 395807 55 0.589 0.144 1 6459 3.92 2.37 217 23.4 0.8   2.2 1.2    
32005 606634 99 0.610 0.163 4 6451 4.12 2.10 186 15.4 0.5   2.0 1.0    
32006 603171 99 0.595 0.172 4 6551 4.12 2.18 226 27.1 1.1   5.2 1.5 SB1
32015 587381 99 0.625 0.184 3 6475 4.12 2.12 178 20.9 0.7   3.4 1.0    
32018 655481 98 0.601 0.166 3 6500 4.21 2.03 157 20.8 0.8   3.0 1.2    
32024 903249 55 0.625 0.150 1 6336 3.92 2.27 107 20.9 0.9   2.0 1.5    
33006 625630 99 0.582 0.146 4 6496 4.12 2.14 177 20.8 0.7   2.0 1.1    
33012 698063 99 0.591 0.140 3 6434 4.21 1.97 144 15.6 0.5   2.7 0.9    
34014 664758 99 0.615 0.139 3 6332 4.27 1.81 132 18.4 0.6   3.1 1.1    
34015 809227 99 0.560 0.145 3 6584 4.12 2.21 176 24.4 0.8   0.8 1.2    
34019 763086 99 0.602 0.165 3 6492 4.12 2.14 198 21.3 0.9   5.2 1.4    
34023 783971  0 0.598 0.155 2 6467 4.12 2.12 159 10.3 0.4   2.9 1.0    
34026 868997  0 0.601 0.166 2 6500 3.92 2.40 114 13.9 0.4   1.1 0.8    
35007 719152 99 0.596 0.157 4 6484 4.12 2.13  46  8.4 0.6   4.2 1.9    
35008 749923 99 0.603 0.160 3 6467 4.21 2.00 161 17.1 1.0   3.8 1.7    
35020 880986 99 0.598 0.161 3 6492 4.21 2.02  67  9.9 0.6  11.9 1.7 SB1
35025 467576 35 0.571 0.144 3 6534 4.12 2.17 153 23.4 1.5  35.4 2.3 SB1
36004 673095 96 0.600 0.162 4 6488 4.12 2.13 228 16.0 0.5   3.1 1.0    
36007 564942 99 0.608 0.170 4 6488 4.21 2.02 130 22.5 0.9   1.9 1.2    
36013 782183 96 0.565 0.157 4 6614 4.12 2.24 177 25.2 0.9   2.8 1.3    
36016 596753 99 0.571 0.140 3 6517 4.21 2.04 175 19.5 0.7   3.0 1.2    
38011 686362 99 0.598 0.154 3 6463 4.27 1.92 130 17.5 0.6   0.8 1.1    
38014 518166 98 0.654 0.191 4 6385 4.27 1.86  85 17.9 0.8   5.9 1.4    
38022 395936 53 0.593 0.153 2 6480 4.21 2.01 192 15.1 0.5   1.7 1.0    
39009 628233 99 0.624 0.166 4 6405 4.21 1.95 179 17.5 0.6   2.9 1.0    
39012 560404 99 0.626 0.157 3 6360 4.27 1.84 158 14.1 0.6   2.8 1.2    
39015 678954 99 0.590 0.144 2 6455 4.21 1.99 124 16.4 0.6   2.5 1.1    
39016 650985 99 0.556 0.146 3 6605 4.21 2.11 175 10.3 0.3   0.6 1.0    
40010 588293 99 0.629 0.174 4 6418 4.27 1.88 143 21.5 0.8   4.3 1.3    
41012 587017 96 0.643 0.178 4 6377 4.27 1.85 144 20.6 1.0   2.8 1.7    
41019 466055 98 0.594 0.146 3 6446 4.21 1.98 149 14.6 0.7   3.5 1.3    
41028 373421 58 0.583 0.169 2 6588 4.12 2.21 167 20.1 1.3   3.0 2.2    
42006 692936 99 0.642 0.152 3 6275 4.21 1.85 149 16.0 0.6   1.5 1.1    
42013 794113 99 0.582 0.146 3 6496 4.21 2.02 148 16.3 0.6   3.0 1.1    
42015 477139 99 0.627 0.162 3 6377 4.21 1.93 121  5.5 0.2   2.4 1.0    
43009 568417 96 0.629 0.163 4 6372 4.21 1.92 125 20.6 1.0   0.7 1.6    
43011 674833 98 0.638 0.182 4 6413 4.32 1.81 141 17.3 0.7   1.9 1.2    
43013 638442 99 0.634 0.182 4 6430 4.27 1.89 161 19.2 0.8   2.8 1.3    
44014 509819 98 0.666 0.189 4 6328 4.32 1.75  89 13.5 0.5   3.4 1.1    
44016 684886  0 0.642 0.179 3 6385 4.21 1.93 160 10.0 0.3   4.6 1.0    
44022 616964 58 0.598 0.167 3 6517 4.27 1.96 145 20.7 0.8   2.4 1.3    
45008 567270 99 0.617 0.167 4 6438 4.21 1.98 157 14.1 0.5   3.3 1.0    
45013 731006  0 0.602 0.141 3 6393 4.27 1.86 123 13.8 0.5   1.4 1.2    
45020 804320 58 0.609 0.158 3 6434 4.27 1.90 128 16.3 0.6   1.4 1.1    
45022 395047 62 0.638 0.170 2 6364 4.27 1.84 106 19.2 0.8   3.4 1.1    
46008 665792 97 0.623 0.160 3 6385 4.27 1.86 132 11.7 0.4   4.0 1.1    
46015 581046 98 0.598 0.140 3 6405 4.27 1.87 106 17.3 0.8   3.4 1.4    
47007 699037 98 0.660 0.162 4 6243 4.21 1.82 118 12.4 0.5   3.0 1.2    
47010 536991 99 0.643 0.156 4 6287 4.27 1.78 164 18.9 0.6   0.2 0.9    
47011 584788 98 0.655 0.151 3 6219 4.32 1.66 127 15.4 0.6   2.2 1.1    
47012 657360 99 0.611 0.150 3 6393 4.27 1.86 129 15.6 0.6   3.7 1.2    
47017 492905 99 0.589 0.139 3 6438 4.21 1.98 192 15.4 0.6   2.8 1.1    
47023 427734 63 0.604 0.166 3 6488 4.21 2.02 120 19.0 0.8   2.3 1.3    
48017 666294 99 0.607 0.171 3 6496 4.21 2.02 186 15.2 0.5   1.8 1.0    
48019 448473 98 0.643 0.174 3 6360 4.27 1.84 124 18.0 0.7   3.6 1.3    
49007 602943 99 0.630 0.177 4 6426 4.21 1.97 149 20.3 0.7   4.5 1.2    
49014 556427 98 0.636 0.146 3 6275 4.32 1.70  97 19.0 1.1   2.0 1.8    
49015 746842 99 0.620 0.161 2 6401 4.27 1.87 176 14.2 0.6   2.6 1.2    
49020 469166 78 0.627 0.174 3 6426 4.27 1.89  53 17.0 1.0   4.9 1.7    
49023 589909 58 0.632 0.173 2 6401 4.21 1.95 142 23.2 1.2   3.6 1.5    
50016 465916 99 0.647 0.160 4 6287 4.27 1.78 144 18.4 0.9   2.9 1.5    
51010 677244 99 0.621 0.150 3 6352 4.27 1.83 175 19.0 0.7   3.2 1.2    
51019 431032 99 0.620 0.150 3 6356 4.27 1.83 162 20.0 0.8   1.0 1.3    
52015 778953 99 0.595 0.159 3 6496 4.27 1.95 133 16.2 0.7   0.3 1.3 SB1
52016 736567  0 0.716 0.166 2 6039 4.27 1.58 120  4.6 0.1   0.2 0.7    
52017 504196 99 0.646 0.178 4 6364 4.27 1.84 140 18.8 0.7   1.4 1.2    
52019 526343 70 0.656 0.171 3 6295 4.27 1.79  85 17.6 0.7   1.1 1.4    
52021 905813 62 0.592 0.159 2 6509 4.27 1.96 109 15.4 0.8   2.7 1.5    
54014 588626 95 0.657 0.140 3 6168 4.37 1.55 114 19.5 0.7   3.3 1.2    
54017 827754 99 0.593 0.147 3 6455 4.27 1.91 127 11.9 0.5   2.3 1.2    
55009 672380 99 0.656 0.172 4 6299 4.32 1.72 142 16.0 0.6   1.4 1.2    
55019 873375 98 0.634 0.156 3 6324 4.32 1.74 152 14.4 0.7   1.5 1.3    
55020 485789 96 0.649 0.142 3 6207 4.32 1.65 106 12.8 0.5   2.9 1.3    
55025 903439 59 0.607 0.159 2 6446 4.27 1.91 114 15.2 0.5   3.0 1.1    
55028 401762 63 0.625 0.165 3 6397 4.21 1.94 140 15.0 0.6   4.9 1.1    
56018 441245 96 0.644 0.163 3 6311 4.32 1.73 140 12.6 0.5  -2.9 1.2    
56022 856190 52 0.600 0.158 2 6471 4.32 1.86 104 11.5 0.4   1.1 1.1    
57005 603452 99 0.651 0.154 4 6247 4.32 1.68  96 17.7 0.6   2.8 1.1    
57021 888016 51 0.633 0.161 3 6348 4.32 1.76 120 13.4 0.5   1.8 1.2    
58009 768408 39 0.640 0.161 4 6320 4.32 1.74 140 11.7 0.5   3.6 1.3    
58012 521616 98 0.698 0.187 4 6191 4.32 1.64 117  5.7 0.1   3.1 0.7    
58021 661419 54 0.636 0.154 3 6307 4.32 1.73 100  9.1 0.4   3.3 1.1    
59003 626938 98 0.672 0.161 4 6191 4.32 1.64  64 22.3 1.0   6.0 1.6 SB1
59012 513141 98 0.656 0.157 3 6239 4.32 1.68 132 21.5 1.3   1.9 2.0    
59019 879281 98 0.640 0.153 2 6287 4.32 1.71 136 15.3 0.6   2.0 1.0    
60012 775284 99 0.643 0.158 3 6295 4.37 1.66 132 11.7 0.6   2.0 1.5    
60017 454812 98 0.644 0.162 3 6307 4.32 1.73 110 15.8 0.6   5.8 1.1    
60021 779136 39 0.647 0.151 3 6251 4.32 1.68 107  8.1 0.3   4.0 1.1    
61016 827814 98 0.630 0.145 3 6295 4.32 1.72  66 20.3 1.1   3.0 1.7    
61019 865595 98 0.663 0.152 3 6191 4.32 1.64 119 14.9 0.7   3.1 1.5    
62024 819365 50 0.610 0.165 3 6459 4.21 1.99 190 17.4 0.7   3.2 1.2    
64015 621574 98 0.684 0.173 3 6191 4.32 1.64 128 16.6 0.6   2.3 1.1    
69008 578666 79 0.684 0.171 4 6184 4.32 1.63 145 14.0 0.6   3.8 1.3    
69015 697085 97 0.668 0.177 3 6271 4.37 1.64 145 16.5 0.6   1.6 1.2    
70008 661881 98 0.674 0.161 3 6184 4.32 1.63 123 17.4 0.6   0.1 1.1    
71007 722971 95 0.704 0.177 4 6129 4.32 1.59 136  9.7 0.2   1.5 0.6    
72024 811257 57 0.625 0.168 3 6409 4.27 1.88 106 16.3 0.7   2.9 1.1    
73017 505913  0 0.756 0.145 3 5809 4.37 1.27 151 11.7 0.2   2.9 0.6    
75017 857852 97 0.666 0.143 3 6144 4.37 1.53  87 11.6 0.5   3.5 1.1    
80024 839190 59 0.641 0.167 3 6340 4.32 1.76 124 21.3 0.9   1.8 1.3    
80025 912041 59 0.645 0.159 2 6291 4.32 1.72  91  8.5 0.5   3.5 1.6    