#
# Line-of-Sight Reddening Results
# ===============================
#
# # Galactic coordinates (in degrees):
#     l = 49.1685
#     b = -5.4398
#
# Reliable distance moduli:
#     min: 8.17
#     max: 14.51
# Fit converged: True
#
# The table contains E(g-r) in magnitudes out to the specified distance moduli.
# Each column corresponds to a different distance modulus, and each row
# corresponds to a different sample. The first sample is the best fit, while
# the following samples are drawn from the posterior distribution of
# distance-reddening profiles.
#
# See Green et al. (2014, 2015, 2018, 2019) for a detailed description
# of how the line-of-sight reddening is computed, and for coefficients
# to convert E(g-r) into extinction in different bands. To convert to
# extinction in other bands, use coefficients in Table 6
# of Schlafly & Finkbeiner (2011).
#
 SampleNo | DistanceModulus
          |  4.00  4.12  4.25  4.38  4.50  4.62  4.75  4.88  5.00  5.12  5.25  5.38  5.50  5.62  5.75  5.88  6.00  6.12  6.25  6.38  6.50  6.62  6.75  6.88  7.00  7.12  7.25  7.38  7.50  7.62  7.75  7.88  8.00  8.12  8.25  8.38  8.50  8.62  8.75  8.88  9.00  9.12  9.25  9.38  9.50  9.62  9.75  9.88 10.00 10.12 10.25 10.38 10.50 10.62 10.75 10.88 11.00 11.12 11.25 11.38 11.50 11.62 11.75 11.88 12.00 12.12 12.25 12.38 12.50 12.62 12.75 12.88 13.00 13.12 13.25 13.38 13.50 13.62 13.75 13.88 14.00 14.12 14.25 14.38 14.50 14.62 14.75 14.88 15.00 15.12 15.25 15.38 15.50 15.62 15.75 15.88 16.00 16.12 16.25 16.38 16.50 16.62 16.75 16.88 17.00 17.12 17.25 17.38 17.50 17.62 17.75 17.88 18.00 18.12 18.25 18.38 18.50 18.62 18.75 18.88
-----------------------------------------------------------------------------------------------------------------------------------------------------------------------------------------------------------------------------------------------------------------------------------------------------------------------------------------------------------------------------------------------------------------------------------------------------------------------------------------------------------------------------------------------------------------------------------------------------------------------------------------------------------------------------------------------------------------------------------------------------------
 BestFit  | 0.000 0.000 0.000 0.000 0.000 0.000 0.000 0.000 0.000 0.000 0.000 0.000 0.000 0.000 0.000 0.000 0.000 0.000 0.000 0.000 0.000 0.000 0.000 0.000 0.000 0.045 0.054 0.054 0.054 0.054 0.054 0.054 0.054 0.054 0.054 0.054 0.054 0.081 0.090 0.198 0.198 0.198 0.198 0.216 0.234 0.243 0.252 0.252 0.261 0.270 0.288 0.288 0.288 0.288 0.288 0.288 0.288 0.288 0.288 0.288 0.288 0.288 0.288 0.288 0.288 0.288 0.288 0.315 0.315 0.324 0.324 0.324 0.333 0.333 0.432 0.441 0.441 0.441 0.441 0.441 0.441 0.441 0.441 0.441 0.441 0.441 0.441 0.441 0.441 0.441 0.441 0.441 0.441 0.441 0.441 0.441 0.441 0.441 0.441 0.441 0.441 0.441 0.441 0.441 0.441 0.441 0.441 0.441 0.441 0.441 0.441 0.441 0.441 0.441 0.441 0.441 0.441 0.441 0.441 0.441
    0     | 0.000 0.000 0.000 0.000 0.000 0.000 0.000 0.000 0.000 0.000 0.000 0.000 0.000 0.000 0.000 0.000 0.000 0.000 0.000 0.009 0.009 0.009 0.018 0.018 0.018 0.018 0.027 0.027 0.027 0.027 0.036 0.045 0.045 0.045 0.045 0.063 0.072 0.081 0.090 0.099 0.099 0.108 0.108 0.234 0.243 0.243 0.252 0.252 0.252 0.252 0.252 0.261 0.261 0.261 0.261 0.270 0.270 0.270 0.270 0.279 0.288 0.288 0.288 0.288 0.288 0.288 0.288 0.297 0.297 0.315 0.324 0.378 0.378 0.387 0.387 0.387 0.387 0.387 0.387 0.387 0.387 0.387 0.460 0.460 0.460 0.460 0.460 0.460 0.460 0.460 0.460 0.460 0.460 0.460 0.460 0.460 0.460 0.460 0.460 0.460 0.460 0.460 0.460 0.460 0.460 0.460 0.460 0.460 0.460 0.460 0.460 0.460 0.460 0.460 0.460 0.460 0.460 0.460 0.460 0.460
    1     | 0.000 0.000 0.000 0.000 0.000 0.000 0.000 0.000 0.000 0.000 0.000 0.000 0.000 0.000 0.000 0.000 0.000 0.000 0.000 0.000 0.000 0.000 0.000 0.000 0.000 0.018 0.036 0.036 0.045 0.045 0.045 0.045 0.045 0.045 0.054 0.054 0.063 0.072 0.081 0.153 0.153 0.153 0.180 0.189 0.198 0.234 0.243 0.243 0.243 0.243 0.252 0.252 0.252 0.252 0.252 0.252 0.252 0.252 0.252 0.252 0.252 0.252 0.252 0.279 0.279 0.279 0.279 0.288 0.288 0.324 0.324 0.324 0.333 0.333 0.387 0.387 0.414 0.414 0.414 0.441 0.441 0.441 0.441 0.441 0.441 0.441 0.441 0.441 0.441 0.441 0.441 0.441 0.441 0.441 0.441 0.441 0.441 0.441 0.441 0.441 0.441 0.441 0.441 0.441 0.441 0.441 0.441 0.441 0.441 0.441 0.441 0.441 0.441 0.441 0.441 0.441 0.441 0.441 0.441 0.441
    2     | 0.000 0.000 0.000 0.000 0.000 0.000 0.000 0.000 0.000 0.000 0.000 0.000 0.000 0.000 0.009 0.009 0.009 0.009 0.009 0.009 0.009 0.009 0.009 0.009 0.009 0.009 0.018 0.027 0.036 0.036 0.036 0.036 0.036 0.045 0.054 0.054 0.090 0.099 0.108 0.153 0.225 0.225 0.225 0.243 0.243 0.243 0.261 0.261 0.261 0.270 0.270 0.270 0.270 0.270 0.270 0.270 0.270 0.270 0.270 0.279 0.279 0.279 0.279 0.279 0.279 0.279 0.279 0.279 0.306 0.315 0.315 0.315 0.351 0.351 0.396 0.396 0.405 0.423 0.423 0.423 0.423 0.423 0.423 0.423 0.423 0.423 0.423 0.423 0.423 0.423 0.423 0.423 0.423 0.423 0.423 0.423 0.423 0.423 0.423 0.423 0.423 0.423 0.423 0.423 0.423 0.423 0.423 0.423 0.423 0.423 0.423 0.423 0.423 0.423 0.423 0.423 0.423 0.423 0.423 0.423
    3     | 0.000 0.000 0.000 0.000 0.000 0.000 0.000 0.000 0.000 0.000 0.000 0.000 0.000 0.000 0.000 0.000 0.000 0.000 0.000 0.000 0.000 0.036 0.036 0.036 0.036 0.045 0.054 0.054 0.054 0.054 0.054 0.054 0.054 0.054 0.054 0.063 0.063 0.063 0.063 0.063 0.063 0.072 0.072 0.081 0.081 0.243 0.243 0.252 0.252 0.252 0.261 0.261 0.270 0.270 0.270 0.270 0.279 0.288 0.288 0.288 0.288 0.288 0.288 0.297 0.297 0.297 0.306 0.306 0.306 0.315 0.333 0.342 0.351 0.360 0.360 0.387 0.432 0.432 0.441 0.441 0.441 0.441 0.441 0.441 0.441 0.441 0.441 0.441 0.441 0.441 0.441 0.441 0.441 0.441 0.441 0.441 0.441 0.441 0.441 0.441 0.441 0.441 0.441 0.441 0.441 0.441 0.441 0.441 0.441 0.441 0.441 0.441 0.441 0.441 0.441 0.441 0.441 0.441 0.441 0.441
    4     | 0.000 0.000 0.000 0.000 0.000 0.000 0.000 0.000 0.000 0.000 0.000 0.000 0.000 0.000 0.000 0.000 0.000 0.000 0.000 0.000 0.009 0.009 0.009 0.018 0.018 0.018 0.045 0.054 0.054 0.072 0.081 0.081 0.081 0.081 0.081 0.081 0.081 0.144 0.162 0.162 0.171 0.180 0.198 0.216 0.216 0.216 0.243 0.243 0.243 0.243 0.243 0.252 0.252 0.252 0.279 0.279 0.288 0.297 0.297 0.297 0.297 0.297 0.306 0.306 0.306 0.306 0.315 0.315 0.315 0.315 0.315 0.333 0.387 0.387 0.432 0.432 0.432 0.432 0.432 0.451 0.451 0.451 0.460 0.460 0.460 0.460 0.460 0.460 0.460 0.460 0.460 0.460 0.460 0.460 0.460 0.460 0.460 0.460 0.460 0.460 0.460 0.460 0.460 0.460 0.460 0.460 0.460 0.460 0.460 0.460 0.460 0.460 0.460 0.460 0.460 0.460 0.460 0.460 0.460 0.460
