NGC number spSpec RA DEC RV RV_err Teff Teff_err logg logg_err feh feh_err umag umag_err gmag gmag_err rmag rmag_err imag imag_err zmag zmag_err <S/N> Tag
NGC 6791 2800-54326-151 290.31055   37.77577   -47.7  1.2 4904 113 4.18 0.15 +0.41 0.01 19.588 0.061 17.289 0.008 16.520 0.005 16.313 0.010 16.197 0.014 38.3 D 
NGC 6791 2800-54326-152 290.27792   37.80231   -45.8  2.1 5632  83 4.48 0.11 +0.42 0.01 19.716 0.075 18.013 0.009 17.483 0.011 17.356 0.013 17.289 0.019 22.9 D 
NGC 6791 2800-54326-154 290.25604   37.80142   -47.1  1.4 4542  94 3.89 0.24 +0.46 0.04 18.600 0.030 15.888 0.011 14.939 0.005 14.643 0.006 14.471 0.020 62.2 D 
NGC 6791 2800-54326-155 290.29071   37.76133   -54.5  1.7 5623  97 4.22 0.04 +0.42 0.04 19.410 0.055 17.773 0.007 17.270 0.009 17.171 0.010 17.154 0.018 26.3 D 
NGC 6791 2800-54326-156 290.28943   37.78397   -43.9  1.4 4810 123 4.07 0.14 +0.42 0.52 19.129 0.056 16.572 0.007 15.690 0.005 15.436 0.011 15.280 0.010 52.4 D 
NGC 6791 2800-54326-157 290.31383   37.79217   -41.4  2.0 5689 109 4.32 0.10 +0.35 0.04 19.585 0.055 17.941 0.009 17.405 0.010 17.294 0.015 17.308 0.021 25.1 D 
NGC 6791 2800-54326-159 290.27624   37.74988   -45.8  0.4 4535  97 3.53 0.22 +0.46 0.04 17.176 0.016 14.589 0.007 13.631 0.005 13.324 0.014 13.180 0.006 70.5 D 
NGC 6791 2800-54326-160 290.30839   37.75263   -47.2  0.8 4883  33 4.07 0.12 +0.42 0.22 18.966 0.046 16.378 0.009 15.531 0.013 15.280 0.017 15.149 0.021 54.7 D 
NGC 6791 2800-54326-161 290.26887   37.72120   -46.5  1.1 5111 134 4.12 0.14 +0.40 0.05 19.560 0.057 17.443 0.012 16.706 0.009 16.512 0.009 16.451 0.019 34.5 D 
NGC 6791 2800-54326-165 290.23537   37.77058   -55.5  2.8 5752 249 3.95 0.08 +0.15 0.10 19.106 0.050 17.508 0.013 16.979 0.008 16.865 0.009 16.837 0.023 29.9 D 
NGC 6791 2800-54326-169 290.24479   37.72029   -45.3  0.4 4481  90 3.01 0.02 +0.27 0.00 17.480 0.021 14.708 0.007 13.711 0.007 13.393 0.016 13.248 0.005 70.1 D 
NGC 6791 2800-54326-171 290.25504   37.73653   -56.4  1.8 5464  53 4.25 0.07 +0.18 0.06 19.375 0.052 17.833 0.007 17.286 0.010 17.165 0.013 17.139 0.015 24.5 D 
NGC 6791 2800-54326-172 290.20854   37.79775   -45.3  1.6 5376  80 4.37 0.04 +0.42 0.26 19.260 0.054 17.466 0.011 16.890 0.007 16.772 0.011 16.712 0.020 31.8 D 
NGC 6791 2800-54326-173 290.23082   37.79705   -47.9  1.1 4924  86 4.31 0.07 +0.40 0.02 19.822 0.078 17.472 0.007 16.659 0.007 16.419 0.014 16.325 0.011 34.0 D 
NGC 6791 2800-54326-174 290.25360   37.75939   -46.8  0.5 4414  80 3.40 0.27 +0.46 0.04 17.608 0.022 14.678 0.005 13.643 0.005 13.316 0.022 13.136 0.004 71.1 D 
NGC 6791 2800-54326-175 290.25360   37.77766   -49.5  0.6 4476 113 3.10 0.01 +0.46 0.04 17.502 0.018 14.689 0.005 13.682 0.005 13.378 0.019 13.203 0.005 73.3 D 
NGC 6791 2800-54326-176 290.23775   37.74739   -50.1  1.1 5457  58 4.32 0.05 +0.33 0.06 18.561 0.029 16.868 0.006 16.317 0.009 16.189 0.018 16.155 0.009 40.7 D 
NGC 6791 2800-54326-178 290.21406   37.77513   -48.7  0.5 4601 124 3.56 0.16 +0.46 0.04 17.057 0.018 14.279 0.004 13.334 0.003 13.031 0.025 12.901 0.007 71.3 D 
NGC 6791 2800-54326-180 290.22034   37.75919   -45.6  0.6 4526  99 3.22 0.01 +0.43 0.01 17.349 0.017 14.653 0.011 13.690 0.006 13.402 0.009 13.239 0.022 70.3 D 
NGC 6791 2800-54326-181 290.18823   37.74275   -49.6  0.4 4369  86 3.55 0.23 +0.30 0.08 17.959 0.023 15.062 0.012 14.009 0.006 13.667 0.007 13.490 0.017 68.5 D 
NGC 6791 2800-54326-182 290.13027   37.77522   -47.4  2.3 5451 210 4.12 0.04 +0.19 0.07 19.171 0.049 17.534 0.008 17.027 0.012 16.925 0.010 16.903 0.016 28.7 D 
NGC 6791 2800-54326-183 290.18888   37.78830   -52.4  0.6 4478  96 3.41 0.21 +0.46 0.04 17.508 0.018 14.700 0.005 13.715 0.006 13.421 0.014 13.240 0.008 69.8 D 
NGC 6791 2800-54326-184 290.12773   37.75476   -50.6  1.8 5540   7 4.11 0.13 +0.36 0.04 19.026 0.044 17.432 0.006 16.936 0.009 16.818 0.011 16.807 0.016 29.9 D 
NGC 6791 2800-54326-185 290.16345   37.74368   -46.8  0.6 4483 101 3.16 0.28 +0.46 0.04 17.712 0.021 14.929 0.004 13.950 0.005 13.670 0.014 13.514 0.009 68.6 D 
NGC 6791 2800-54326-186 290.15705   37.72575   -49.4  0.8 4832  25 4.04 0.12 +0.42 0.21 18.932 0.036 16.425 0.009 15.570 0.007 15.339 0.009 15.230 0.014 53.6 D 
NGC 6791 2800-54326-189 290.16875   37.78517   -45.9  0.9 4930   3 4.23 0.12 +0.41 0.02 19.403 0.057 16.992 0.008 16.165 0.007 15.932 0.010 15.808 0.017 43.7 D 
NGC 6791 2800-54326-190 290.17674   37.76421   -46.4  1.0 4667 135 4.00 0.17 +0.46 0.04 18.788 0.038 16.170 0.005 15.268 0.006 14.997 0.012 14.855 0.009 57.7 D 
NGC 6791 2800-54326-194 290.17419   37.70602   -53.9  1.5 5599 194 4.07 0.20 +0.20 0.06 19.100 0.053 17.390 0.013 16.880 0.007 16.775 0.007 16.795 0.022 31.5 D 
NGC 6791 2800-54326-197 290.18075   37.72142   -46.7  1.3 4584  63 3.96 0.03 +0.34 0.12 18.901 0.039 16.433 0.011 15.570 0.008 15.322 0.010 15.203 0.019 53.4 D 
NGC 6791 2800-54326-199 290.16395   37.80132   -45.7  1.5 4280  88 2.77 0.03 +0.46 0.04 17.828 0.024 14.796 0.005 13.668 0.004 13.284 0.009 13.039 0.013 70.2 D 
NGC 6791 2800-54326-424 290.13763   37.82931   -46.4  1.6 5482  74 4.34 0.08 +0.24 0.09 19.743 0.086 18.025 0.017 17.451 0.014 17.283 0.007 17.223 0.020 28.1 D 
NGC 6791 2800-54326-462 290.18642   37.85478   -42.1  1.5 5627  48 4.43 0.11 +0.19 0.08 19.160 0.044 17.610 0.009 17.122 0.010 17.029 0.007 16.999 0.021 33.7 D 
NGC 6791 2800-54326-464 290.27438   37.82203   -43.7  1.2 5569  56 4.21 0.07 +0.36 0.04 18.942 0.039 17.296 0.016 16.749 0.010 16.654 0.014 16.638 0.017 40.6 D 
NGC 6791 2800-54326-465 290.24050   37.81700   -44.9  0.5 4481  70 3.82 0.27 +0.46 0.04 18.283 0.029 15.529 0.012 14.548 0.004 14.218 0.014 14.033 0.008 66.2 D 
NGC 6791 2800-54326-466 290.28500   37.83567   -41.7  1.2 5043 108 4.30 0.11 +0.44 0.02 19.549 0.062 17.443 0.014 16.709 0.011 16.539 0.012 16.455 0.023 40.4 D 
NGC 6791 2800-54326-469 290.23600   37.85450   -47.4  1.4 5549  89 4.38 0.12 +0.16 0.11 19.349 0.047 17.760 0.012 17.217 0.007 17.126 0.009 17.121 0.020 30.9 D 
NGC 6791 2800-54326-471 290.21029   37.83431   -46.3  1.1 5427  43 4.21 0.12 +0.44 0.05 18.860 0.033 17.227 0.010 16.662 0.008 16.551 0.011 16.514 0.014 41.5 D 
NGC 6791 2800-54326-473 290.25912   37.84825   -48.0  1.1 5592   6 4.08 0.09 +0.36 0.04 18.871 0.031 17.240 0.015 16.646 0.007 16.529 0.014 16.513 0.021 41.0 D 
NGC 6791 2800-54326-475 290.19271   37.81957   -43.2  0.5 4503  71 3.74 0.26 +0.45 0.03 18.116 0.027 15.317 0.004 14.348 0.010 14.038 0.010 13.844 0.007 67.9 D 
NGC 6791 2800-54326-476 290.18508   37.83414   -45.3  1.3 5702  40 4.41 0.14 +0.33 0.07 18.942 0.037 17.306 0.005 16.840 0.006 16.727 0.008 16.712 0.012 36.0 D 
NGC 6791 2800-54326-477 290.24383   37.83556   -44.4  0.8 4713 123 4.04 0.09 +0.28 0.00 19.005 0.045 16.586 0.014 15.718 0.006 15.486 0.011 15.364 0.022 54.3 D 
NGC 6791 2800-54326-479 290.16329   37.83461   -46.8  1.6 5513  71 4.46 0.07 +0.31 0.06 19.581 0.054 18.005 0.014 17.433 0.011 17.317 0.010 17.297 0.020 27.9 D 
NGC 6791 2800-54326-480 290.15792   37.81897   -44.4  1.3 5462  95 4.14 0.04 +0.32 0.04 19.096 0.040 17.424 0.007 16.824 0.007 16.646 0.007 16.594 0.013 38.3 D 
NGC 6791 2800-54326-497 290.30292   37.80739   -57.7  1.3 5606  61 4.28 0.07 +0.22 0.07 19.042 0.031 17.517 0.010 16.987 0.010 16.882 0.011 16.865 0.017 35.7 D 
NGC 6791 2821-54393-141 290.29286   37.73219   -46.8  1.0 5617  91 4.61 0.06 +0.21 0.08 19.825 0.083 18.072 0.010 17.535 0.013 17.413 0.012 17.426 0.020 47.2 D 
NGC 6791 2821-54393-142 290.29538   37.78913   -40.9  2.0 5215 133 4.87 0.08 -0.08 0.07 20.729 0.190 18.957 0.012 18.334 0.013 18.146 0.014 18.112 0.036 27.7 D 
NGC 6791 2821-54393-145 290.31488   37.78708   -44.0  1.1 5635  88 4.67 0.09 +0.23 0.08 19.869 0.086 18.099 0.010 17.561 0.009 17.447 0.009 17.420 0.024 45.8 D 
NGC 6791 2821-54393-146 290.28602   37.71747   -43.9  1.3 5524  89 4.59 0.14 +0.38 0.03 20.285 0.119 18.329 0.010 17.783 0.009 17.658 0.012 17.620 0.026 41.0 D 
NGC 6791 2821-54393-149 290.29258   37.75206   -43.2  2.2 5802  76 4.56 0.17 +0.39 0.04 19.260 0.056 17.657 0.011 17.191 0.010 17.071 0.018 17.076 0.019 24.3 D 
NGC 6791 2821-54393-161 290.26746   37.73246   -48.6  0.9 5700  72 4.44 0.08 +0.19 0.06 19.306 0.057 17.635 0.014 17.130 0.011 17.021 0.011 17.026 0.026 61.8 D 
NGC 6791 2821-54393-165 290.16959   37.70742   -48.7  1.5 4911 109 4.72 0.11 +0.10 0.12 21.185 0.299 18.973 0.018 18.322 0.012 18.149 0.013 18.092 0.036 27.4 D 
NGC 6791 2821-54393-166 290.21646   37.79267   -43.8  1.3 5392 104 4.66 0.09 +0.19 0.03 20.728 0.194 18.723 0.017 18.125 0.009 17.960 0.011 17.877 0.031 38.9 D 
NGC 6791 2821-54393-167 290.25304   37.76144   -43.9  1.3 5312  71 4.58 0.09 +0.18 0.09 20.543 0.126 18.574 0.012 17.962 0.013 17.800 0.017 17.832 0.025 39.6 D 
NGC 6791 2821-54393-169 290.23571   37.74950   -43.6  1.2 5246  50 4.66 0.10 +0.21 0.09 20.667 0.153 18.605 0.013 17.982 0.009 17.825 0.013 17.760 0.037 36.8 D 
NGC 6791 2821-54393-172 290.23312   37.77947   -48.5  1.1 5383  61 4.65 0.11 +0.35 0.10 20.074 0.094 18.359 0.013 17.775 0.011 17.659 0.010 17.621 0.028 45.8 D 
NGC 6791 2821-54393-173 290.23404   37.72550   -46.5  1.2 5415  44 4.52 0.07 +0.16 0.09 19.884 0.090 18.208 0.010 17.656 0.013 17.535 0.019 17.525 0.021 39.4 D 
NGC 6791 2821-54393-174 290.27438   37.76821   -47.0  1.2 5495 127 4.69 0.12 +0.23 0.05 20.300 0.124 18.441 0.014 17.885 0.013 17.742 0.012 17.733 0.032 37.1 D 
NGC 6791 2821-54393-176 290.23888   37.79792   -42.4  1.3 5078 146 4.59 0.18 +0.28 0.06 21.092 0.256 19.293 0.017 18.564 0.014 18.384 0.014 18.338 0.045 28.7 D 
NGC 6791 2821-54393-177 290.25525   37.78111   -44.8  1.1 5360   1 4.55 0.05 +0.27 0.01 20.204 0.109 18.520 0.014 17.921 0.010 17.779 0.009 17.751 0.025 39.9 D 
NGC 6791 2821-54393-178 290.27083   37.79364   -47.9  1.2 5279  83 4.63 0.09 +0.26 0.09 20.754 0.160 18.669 0.012 18.040 0.011 17.877 0.015 17.801 0.026 35.4 D 
NGC 6791 2821-54393-179 290.23317   37.69495   -46.4  0.9 5641  60 4.40 0.07 +0.10 0.07 19.190 0.054 17.556 0.014 17.031 0.007 16.913 0.007 16.886 0.026 67.3 D 
NGC 6791 2821-54393-182 290.19167   37.75022   -45.0  1.1 5410  76 4.54 0.13 +0.10 0.06 19.926 0.088 18.170 0.013 17.616 0.007 17.494 0.009 17.465 0.023 47.4 D 
NGC 6791 2821-54393-183 290.16181   37.72236   -48.3  0.9 5499  66 4.36 0.08 +0.16 0.08 19.416 0.058 17.838 0.011 17.333 0.010 17.229 0.009 17.239 0.022 57.6 D 
NGC 6791 2821-54393-184 290.21133   37.69576   -37.0  1.6 5060  84 4.70 0.08 +0.25 0.04 21.085 0.285 19.030 0.017 18.342 0.013 18.176 0.018 18.003 0.032 28.7 D 
NGC 6791 2821-54393-185 290.16196   37.79569   -54.9  1.0 5571   6 4.63 0.09 +0.40 0.03 20.033 0.104 18.345 0.009 17.755 0.011 17.625 0.013 17.561 0.021 42.2 D 
NGC 6791 2821-54393-187 290.18507   37.73330   -49.3  1.0 5583  44 4.50 0.10 +0.19 0.06 19.404 0.052 17.728 0.012 17.240 0.008 17.114 0.007 17.136 0.022 60.4 D 
NGC 6791 2821-54393-188 290.16150   37.74609   -43.1  1.6 4903  57 4.56 0.11 +0.41 0.02 20.780 0.164 19.049 0.016 18.334 0.010 18.160 0.014 18.113 0.030 27.0 D 
NGC 6791 2821-54393-190 290.21180   37.71344   -43.1  2.6 4830 121 4.67 0.19 +0.06 0.03 20.372 0.287 19.594 0.023 18.796 0.015 18.592 0.015 18.565 0.051 19.6 D 
NGC 6791 2821-54393-191 290.16200   37.77697   -50.5  1.2 5297  68 4.51 0.07 -0.03 0.09 20.257 0.131 18.431 0.012 17.824 0.009 17.716 0.010 17.689 0.026 40.8 D 
NGC 6791 2821-54393-192 290.14174   37.74134   -57.2  1.8 4720 107 4.65 0.10 -0.03 0.09 20.348 0.231 19.289 0.016 18.544 0.011 18.309 0.014 18.198 0.033 23.0 D 
NGC 6791 2821-54393-193 290.14857   37.75947   -44.3  1.8 4973  24 4.53 0.13 -0.25 0.06 20.833 0.188 18.714 0.010 18.062 0.009 17.911 0.010 17.903 0.029 34.8 D 
NGC 6791 2821-54393-194 290.18383   37.77736   -45.6  1.0 5451  79 4.40 0.07 +0.34 0.03 19.960 0.104 18.218 0.012 17.640 0.009 17.508 0.012 17.462 0.026 48.3 D 
NGC 6791 2821-54393-195 290.20292   37.76702   -44.6  1.4 4897  99 4.66 0.09 +0.19 0.03 21.249 0.232 19.101 0.018 18.420 0.012 18.243 0.015 18.162 0.033 27.5 D 
NGC 6791 2821-54393-196 290.21350   37.74117   -48.7  1.0 5459  64 4.46 0.08 +0.28 0.07 19.907 0.089 18.197 0.011 17.638 0.010 17.527 0.013 17.511 0.033 47.3 D 
NGC 6791 2821-54393-197 290.14430   37.78641   -46.1  1.0 5585  53 4.49 0.08 +0.30 0.05 19.492 0.062 17.833 0.007 17.329 0.006 17.208 0.009 17.198 0.019 56.7 D 
NGC 6791 2821-54393-199 290.19034   37.71489   -48.1  1.9 4838  67 4.75 0.16 +0.22 0.03 20.517 0.225 19.162 0.017 18.474 0.014 18.325 0.012 18.261 0.036 24.9 D 
NGC 6791 2821-54393-235 290.12569   37.76434   -42.1  1.1 5503  56 4.31 0.09 +0.09 0.10 19.348 0.047 17.648 0.007 17.120 0.009 17.012 0.011 17.011 0.022 63.0 D 
NGC 6791 2821-54393-436 290.12584   37.81327   -44.3  1.2 5320  14 4.40 0.10 +0.08 0.12 20.484 0.139 18.557 0.016 17.927 0.013 17.732 0.009 17.650 0.020 42.9 D 
NGC 6791 2821-54393-438 290.14612   37.83670   -49.8  0.8 5509  87 4.29 0.08 +0.27 0.06 19.623 0.078 17.927 0.016 17.334 0.018 17.185 0.006 17.121 0.017 62.2 D 
NGC 6791 2821-54393-439 290.11927   37.79796   -44.2  0.9 5497  26 4.27 0.05 +0.11 0.09 19.364 0.062 17.692 0.008 17.159 0.014 17.045 0.010 17.024 0.015 59.1 D 
NGC 6791 2821-54393-440 290.15288   37.81589   -35.2  1.1 5354 102 4.40 0.06 +0.11 0.05 19.651 0.065 17.798 0.009 17.165 0.009 16.959 0.012 16.896 0.016 64.9 D 
NGC 6791 2821-54393-468 290.26379   37.84733   -49.7  1.5 4866  45 4.71 0.10 +0.25 0.05 21.425 0.296 19.449 0.020 18.625 0.015 18.434 0.020 18.438 0.043 23.3 D 
NGC 6791 2821-54393-469 290.28646   37.80753   -41.8  1.2 5226 169 4.52 0.09 +0.30 0.03 21.200 0.236 18.990 0.024 18.310 0.015 18.141 0.020 18.127 0.034 32.8 D 
NGC 6791 2821-54393-472 290.26775   37.82575   -45.5  1.0 5302  73 4.54 0.11 +0.33 0.04 20.296 0.107 18.564 0.015 17.963 0.010 17.830 0.016 17.749 0.033 41.9 D 
NGC 6791 2821-54393-473 290.18250   37.84431   -42.4  1.1 5215  71 4.42 0.10 +0.05 0.05 20.299 0.105 18.535 0.013 17.918 0.012 17.787 0.014 17.741 0.027 42.9 D 
NGC 6791 2821-54393-474 290.22450   37.83158   -46.9  0.9 5613  73 4.70 0.13 +0.24 0.07 19.818 0.074 18.064 0.036 17.597 0.009 17.486 0.012 17.486 0.026 47.9 D 
NGC 6791 2821-54393-475 290.20554   37.84583   -40.0  1.5 5207 131 4.63 0.08 +0.27 0.04 21.165 0.260 19.129 0.017 18.436 0.012 18.325 0.013 18.226 0.035 27.7 D 
NGC 6791 2821-54393-478 290.24763   37.83678   -48.9  1.1 5531  88 4.32 0.10 +0.26 0.07 19.933 0.067 18.175 0.012 17.606 0.010 17.493 0.013 17.493 0.029 48.9 D 
NGC 6791 2821-54393-479 290.23475   37.81458   -41.3  1.1 5029  84 4.62 0.14 +0.23 0.10 20.541 0.147 18.509 0.015 17.775 0.011 17.615 0.010 17.550 0.019 44.7 D 
NGC 6791 2821-54393-480 290.23092   37.84886   -44.3  2.5 5374 229 4.65 0.10 +0.39 0.14 20.482 0.122 18.827 0.014 18.173 0.011 18.047 0.013 17.981 0.029 16.6 D 