RA DEC TEFF TEFF_ERROR
M67      2667-54142-361 132.6933300 11.871264   36.2  0.8 5446  54 4.60 0.06 +0.03 0.06 16.832 0.009 15.218 0.004 14.655 0.008 14.442 0.008 14.354 0.013 60.9 D 
M67      2667-54142-363 132.5890400 11.985747   33.2  0.8 5540  34 4.65 0.06 -0.03 0.05 16.776 0.022 15.270 0.014 14.749 0.016 14.567 0.011 14.565 0.013 60.1 C 
M67      2667-54142-364 132.6169200 11.913978   34.2  0.9 6004  44 4.47 0.05 -0.04 0.03 15.551 0.021 14.316 0.014 13.926 0.016 13.774 0.011 13.786 0.013 63.7 C 
M67      2667-54142-372 132.6952900 11.897903   33.5  0.9 5367  61 4.66 0.06 -0.04 0.05 17.164 0.011 15.549 0.005 14.963 0.007 14.804 0.010 14.756 0.015 57.6 D 
M67      2667-54142-378 132.6899800 11.926571   37.7  0.8 5034 115 4.68 0.11 +0.11 0.00 18.069 0.026 16.114 0.005 15.397 0.039 15.181 0.008 15.087 0.027 51.0 D 
M67      2667-54142-379 132.5899200 11.839747   36.4  0.9 5861  45 4.52 0.06 +0.08 0.04 15.947 0.012 14.663 0.017 14.227 0.011 14.128 0.016 14.083 0.016 62.9 C 
M67      2667-54142-402 132.7021700 12.014961   35.9  0.9 5525  25 4.66 0.05 +0.02 0.04 16.821 0.022 15.304 0.014 14.788 0.016 14.581 0.011 14.528 0.013 59.5 C 
M67      2667-54142-404 132.7532100 11.886464   34.6  0.8 5725  45 4.57 0.05 +0.03 0.05 16.397 0.006 14.959 0.008 14.480 0.006 14.356 0.006 14.306 0.008 61.2 D 
M67      2667-54142-406 132.7005000 11.913181   34.7  0.9 6016  34 4.39 0.06 +0.04 0.03 15.433 0.021 14.199 0.006 13.820 0.034 13.718 0.010 13.725 0.025 63.7 D 
M67      2667-54142-407 132.7347100 11.858081   36.0  0.9 6074  46 4.41 0.04 -0.06 0.01 15.463 0.004 14.216 0.008 13.848 0.010 13.749 0.005 13.745 0.009 63.9 D 
M67      2667-54142-408 132.7437500 11.994214   34.2  0.9 5927  36 4.50 0.06 +0.02 0.03 15.646 0.012 14.363 0.007 13.974 0.003 13.848 0.004 13.809 0.007 63.3 D 
M67      2667-54142-409 132.7742500 11.886261   35.6  0.8 5551  40 4.64 0.05 -0.06 0.06 16.769 0.007 15.246 0.007 14.732 0.005 14.587 0.007 14.526 0.007 59.7 D 
M67      2667-54142-410 132.7377900 11.947350   32.7  0.9 5613  40 4.58 0.05 -0.02 0.04 16.603 0.010 15.149 0.002 14.642 0.006 14.495 0.006 14.456 0.011 60.1 D 
M67      2667-54142-411 132.8010300 11.787528   28.3  0.9 5524  44 4.63 0.06 +0.01 0.04 16.901 0.016 15.346 0.009 14.811 0.008 14.632 0.010 14.545 0.026 60.0 D 
M67      2667-54142-412 132.7361200 11.831808   34.5  0.9 5771  37 4.56 0.06 +0.01 0.04 16.177 0.007 14.804 0.005 14.356 0.008 14.226 0.005 14.201 0.007 62.3 D 
M67      2667-54142-413 132.7688200 11.862833   24.7  0.8 5901  61 4.46 0.06 -0.01 0.03 15.460 0.009 14.232 0.022 13.766 0.008 13.598 0.012 13.601 0.008 64.1 C 
M67      2667-54142-414 132.7769200 11.791894   38.6  0.9 4581  36 4.72 0.09 -0.11 0.05 18.984 0.023 16.814 0.007 15.939 0.005 15.672 0.021 15.507 0.027 49.1 D 
M67      2667-54142-415 132.7000800 11.828167   35.3  0.8 5801  36 4.54 0.06 +0.03 0.04 16.042 0.009 14.687 0.005 14.244 0.006 14.116 0.009 14.081 0.010 62.6 D 
M67      2667-54142-417 132.7567100 11.937789   34.4  0.8 5590  36 4.62 0.06 +0.05 0.04 16.634 0.009 15.122 0.004 14.607 0.007 14.455 0.006 14.403 0.010 60.9 D 
M67      2667-54142-418 132.7534700 11.814725   36.4  0.9 5810  28 4.56 0.05 -0.07 0.01 16.152 0.011 14.777 0.005 14.347 0.018 14.218 0.007 14.191 0.020 62.4 D 
M67      2667-54142-419 132.7431200 11.970697   32.4  1.0 5879  44 4.47 0.04 -0.02 0.05 15.951 0.006 14.639 0.004 14.221 0.005 14.092 0.004 14.074 0.006 62.5 D 
M67      2667-54142-420 132.7914300 11.771442   34.4  0.9 5822  37 4.40 0.07 -0.01 0.04 16.023 0.007 14.703 0.009 14.266 0.010 14.130 0.006 14.091 0.010 62.5 D 
M67      2667-54142-429 132.3948800 11.788092   34.6  0.9 5945  44 4.57 0.07 +0.01 0.03 15.760 0.014 14.484 0.018 14.134 0.013 13.964 0.016 13.967 0.014 63.0 C 
M67      2667-54142-441 132.8041200 11.950172   35.8  0.9 5866  21 4.50 0.04 +0.05 0.03 15.887 0.006 14.581 0.003 14.166 0.015 14.030 0.011 14.015 0.009 62.0 D 
M67      2667-54142-444 132.8395800 11.984572   31.1  1.0 6098  56 4.44 0.05 +0.09 0.04 15.495 0.012 14.225 0.006 13.854 0.011 13.741 0.012 13.758 0.008 63.3 D 
M67      2667-54142-445 132.7831700 11.981397   34.2  0.8 5725  38 4.53 0.06 +0.03 0.03 16.341 0.008 14.920 0.002 14.449 0.013 14.305 0.011 14.278 0.010 60.8 D 
M67      2667-54142-451 132.8012500 11.906319   35.3  0.9 6031  67 4.43 0.05 -0.02 0.05 15.531 0.004 14.269 0.004 13.885 0.013 13.768 0.009 13.768 0.005 63.5 D 
M67      2667-54142-452 132.7928000 12.025431   37.4  0.9 4902 103 4.81 0.09 -0.06 0.05 18.454 0.024 16.433 0.016 15.656 0.015 15.441 0.014 15.317 0.021 50.6 C 
M67      2667-54142-453 132.8423700 11.807839   23.2  0.8 5076  77 4.74 0.08 -0.02 0.04 17.862 0.023 16.006 0.007 15.310 0.012 15.085 0.020 14.932 0.020 55.3 D 
M67      2667-54142-454 132.8407700 11.861747   36.1  1.0 5957  52 4.49 0.06 -0.01 0.02 15.426 0.006 14.182 0.007 13.777 0.008 13.679 0.026 13.612 0.008 63.8 D 
M67      2667-54142-455 132.9283300 11.991872   33.2  1.0 6067  49 4.35 0.04 -0.03 0.05 15.368 0.004 14.148 0.004 13.768 0.008 13.666 0.009 13.656 0.006 63.6 D 
M67      2667-54142-457 132.9065800 11.945644   35.9  0.9 5851  33 4.53 0.05 +0.06 0.04 15.884 0.011 14.554 0.005 14.131 0.007 14.032 0.010 14.004 0.010 62.5 D 
M67      2667-54142-458 132.8022500 12.188075   34.8  0.8 5836  39 4.47 0.05 +0.05 0.05 15.896 0.017 14.566 0.022 14.119 0.011 14.002 0.017 13.995 0.015 62.0 C 
M67      2667-54142-459 132.8128300 11.822606   33.9  0.9 6042  48 4.39 0.04 -0.01 0.02 15.470 0.009 14.276 0.022 13.886 0.008 13.759 0.012 13.770 0.008 63.5 C 
M67      2667-54142-460 132.7881300 11.950017   35.5  0.9 5805  32 4.56 0.05 +0.03 0.04 16.016 0.007 14.692 0.002 14.265 0.013 14.138 0.010 14.124 0.006 61.9 D 
M67      2667-54142-463 132.5035400 11.702733   34.9  0.9 5981  49 4.46 0.04 +0.04 0.03 15.575 0.014 14.317 0.018 13.914 0.013 13.818 0.016 13.802 0.014 63.9 C 
M67      2667-54142-466 132.6327000 11.502099   36.3  0.8 5146  67 4.70 0.08 -0.03 0.07 17.693 0.028 15.902 0.015 15.245 0.016 15.048 0.015 14.973 0.014 56.5 C 
M67      2667-54142-467 132.5376200 11.557281   36.3  1.0 6069  43 4.29 0.09 -0.07 0.03 15.518 0.018 14.292 0.019 13.944 0.001 13.831 0.019 13.840 0.015 63.9 C 
M67      2667-54142-469 132.6607100 11.776742   33.8  0.9 5290  67 4.72 0.07 +0.06 0.03 17.370 0.014 15.708 0.017 15.100 0.011 14.879 0.016 14.831 0.017 58.2 C 
M67      2667-54142-476 132.5400400 11.645006   34.8  1.0 5846  44 4.51 0.05 -0.01 0.04 15.916 0.020 14.650 0.018 14.220 0.001 14.109 0.019 14.070 0.017 63.1 C 
M67      2667-54142-477 132.7222900 11.727772   35.7  0.9 5746  51 4.55 0.06 +0.00 0.04 15.956 0.011 14.582 0.004 14.117 0.005 13.953 0.017 13.917 0.011 63.5 D 
M67      2667-54142-478 132.6963700 11.715228   33.8  0.9 6007  45 4.45 0.04 +0.02 0.03 15.548 0.014 14.277 0.008 13.896 0.013 13.780 0.022 13.808 0.018 63.8 D 
M67      2667-54142-479 132.7179200 11.750975   35.3  0.8 5810  40 4.58 0.05 -0.01 0.04 16.138 0.010 14.793 0.004 14.357 0.005 14.220 0.019 14.208 0.013 62.6 D 
M67      2667-54142-481 132.7949200 11.664139   39.4  0.9 5780  33 4.58 0.05 +0.02 0.03 16.198 0.014 14.834 0.004 14.386 0.020 14.242 0.015 14.215 0.008 62.1 D 
M67      2667-54142-485 132.7586500 11.755369   31.7  0.8 5597  49 4.60 0.06 +0.07 0.04 16.658 0.007 15.177 0.006 14.670 0.006 14.512 0.010 14.488 0.012 60.6 D 
M67      2667-54142-486 132.7528300 11.678155   36.7  0.8 5324  63 4.64 0.07 +0.07 0.05 17.253 0.021 15.622 0.006 15.033 0.009 14.847 0.010 14.786 0.008 58.6 D 
M67      2667-54142-487 132.7741000 11.729775   41.7  0.9 5741  40 4.59 0.05 -0.01 0.05 15.582 0.008 14.219 0.007 13.763 0.013 13.620 0.010 13.600 0.007 64.2 D 
M67      2667-54142-491 132.7797500 11.596875   35.4  0.9 6066  40 4.42 0.05 -0.13 0.02 15.446 0.016 14.262 0.012 13.916 0.001 13.812 0.013 13.791 0.012 64.0 C 
M67      2667-54142-492 132.7834200 11.640567   37.2  1.0 5864  37 4.50 0.05 -0.02 0.04 15.916 0.016 14.625 0.012 14.208 0.001 14.111 0.013 14.076 0.012 63.2 C 
M67      2667-54142-496 132.7887500 11.559197   35.3  0.9 5701  34 4.54 0.05 -0.01 0.06 16.399 0.014 14.978 0.013 14.510 0.001 14.375 0.015 14.359 0.017 62.0 C 
M67      2667-54142-500 132.7791300 11.697017   34.3  1.1 4987  75 4.62 0.05 -0.06 0.04 17.746 0.018 15.936 0.005 15.220 0.011 14.964 0.008 14.844 0.009 57.8 D 
M67      2667-54142-504 132.8498300 11.580686   37.3  0.9 5718  43 4.62 0.06 -0.06 0.05 15.624 0.014 14.221 0.013 13.741 0.001 13.611 0.015 13.563 0.017 63.6 C 
M67      2667-54142-505 132.8408200 11.734822   37.3  0.9 5869  35 4.42 0.06 -0.00 0.03 15.655 0.009 14.345 0.007 13.911 0.006 13.765 0.007 13.743 0.009 61.7 D 
M67      2667-54142-507 132.8529400 11.718478   35.9  0.8 5591  46 4.57 0.06 -0.04 0.05 16.371 0.012 14.930 0.005 14.423 0.008 14.227 0.007 14.148 0.011 61.5 D 
M67      2667-54142-508 132.8550400 11.637817   33.8  0.8 5441  48 4.67 0.07 -0.04 0.02 17.057 0.011 15.468 0.008 14.919 0.007 14.750 0.011 14.694 0.009 58.8 D 
M67      2667-54142-516 132.8466200 11.654136   32.3  0.7 5635  26 4.66 0.04 +0.03 0.04 16.629 0.013 15.149 0.010 14.689 0.001 14.471 0.008 14.423 0.011 60.1 C 
M67      2667-54142-517 133.0788800 11.397178   35.0  0.8 5525  49 4.60 0.06 +0.04 0.05 16.797 0.014 15.341 0.026 14.788 0.014 16.922 0.163 14.601 0.016 59.2 C 
M67      2667-54142-518 133.0567100 11.393450   36.2  0.9 5805  29 4.57 0.05 -0.05 0.03 16.081 0.016 14.723 0.014 14.297 0.020 14.176 0.001 14.159 0.014 62.1 C 
M67      2667-54142-522 133.0017500 11.935228   38.4  1.1 5904  37 4.48 0.05 +0.06 0.03 15.808 0.008 14.486 0.005 14.069 0.004 13.951 0.007 13.947 0.006 63.2 D 
M67      2667-54142-531 132.9857500 11.790236   36.2  0.9 5836   9 4.52 0.06 +0.00 0.03 15.810 0.008 14.526 0.004 14.117 0.004 14.009 0.009 13.998 0.013 63.4 D 
M67      2667-54142-533 132.9950000 11.804089   34.2  0.9 5155  60 4.77 0.08 -0.04 0.06 17.646 0.011 15.849 0.005 15.211 0.005 15.006 0.008 14.931 0.010 57.7 D 
M67      2667-54142-537 132.9948800 11.833992   33.4  0.9 5881  52 4.49 0.05 -0.01 0.03 15.755 0.005 14.480 0.007 14.049 0.007 13.901 0.006 13.872 0.010 63.5 D 
M67      2667-54142-538 132.9619800 11.869030   34.3  0.8 5013  94 4.77 0.10 +0.10 0.00 18.114 0.015 16.185 0.006 15.461 0.008 15.244 0.008 15.141 0.013 53.9 D 
M67      2667-54142-539 133.0190000 11.980183   37.0  1.0 5075  58 4.74 0.10 -0.02 0.06 17.842 0.015 15.989 0.012 15.327 0.008 15.112 0.007 15.002 0.007 55.9 D 
M67      2667-54142-540 132.9941700 11.870869   32.8  0.8 5428  57 4.67 0.07 +0.06 0.03 17.157 0.007 15.515 0.005 14.941 0.007 14.770 0.008 14.697 0.013 58.9 D 
M67      2667-54142-541 133.1261300 11.714000   33.1  1.5 5904  22 4.40 0.05 -0.11 0.01 15.488 0.013 14.232 0.019 13.860 0.001 13.858 0.001 13.760 0.015 38.4 C 
M67      2667-54142-546 133.0400800 11.779472   35.6  1.0 6078  43 4.33 0.03 -0.08 0.04 15.379 0.011 14.160 0.008 13.790 0.009 13.693 0.004 13.703 0.006 63.7 D 
M67      2667-54142-547 133.1811700 11.610503   34.4  0.8 5487  47 4.70 0.06 +0.04 0.05 17.022 0.012 15.458 0.015 14.913 0.014 14.739 0.013 14.702 0.011 58.1 C 
M67      2667-54142-550 133.0475000 11.675556   33.4  0.9 5971  38 4.48 0.05 +0.05 0.02 15.646 0.013 14.373 0.019 13.979 0.001 13.988 0.001 13.843 0.015 63.3 C 
M67      2667-54142-551 132.9911100 11.762748   38.2  0.8 4958  60 4.63 0.07 -0.12 0.07 17.628 0.015 15.807 0.004 15.105 0.005 14.833 0.011 14.658 0.012 57.4 D 
M67      2667-54142-561 133.0414600 12.175214   34.4  0.9 6026  29 4.52 0.05 +0.01 0.02 15.536 0.016 14.275 0.017 13.928 0.015 13.807 0.019 13.779 0.015 62.9 C 
M67      2667-54142-566 133.2035400 12.046594   30.0  0.8 5586  34 4.55 0.04 -0.02 0.05 16.563 0.017 15.085 0.017 14.569 0.015 14.431 0.019 14.359 0.015 61.2 C 
M67      2667-54142-575 133.0644200 11.883697   34.3  0.9 5901  55 4.54 0.06 +0.03 0.03 15.930 0.007 14.640 0.012 14.217 0.009 14.104 0.005 14.084 0.008 62.6 D 
M67      2667-54142-576 133.0925800 11.817458   38.6  1.0 5569  45 4.55 0.04 -0.08 0.05 16.596 0.007 15.122 0.012 14.599 0.012 14.420 0.005 14.353 0.009 60.7 D 
M67      2667-54142-579 133.0659200 11.775536   35.3  0.8 5598  41 4.63 0.05 -0.03 0.06 16.694 0.010 15.206 0.009 14.701 0.011 14.535 0.007 14.493 0.006 61.1 D 