RA DEC TEFF TEFF_ERR
2.777008 66.159721 4782.988 91.466736
2.930279 71.21563 4597.6147 91.466736
5.713117 62.034195 4444.7 91.5
5.782579 66.591995 5158.0195 91.466736
6.056927 59.128628 4632.098 91.466736
7.159273 58.55077 4928.7 91.5
7.16548 85.51049 4882.451 91.466736
7.412421 66.691551 4630.105 91.466736
7.486841 63.941235 5115.563 91.466736
7.580366 66.809982 5011.415 91.466736
8.253906 84.904175 5425.9 91.5
8.428798 62.605503 5026.265 91.466736
8.430007 85.38382 6357.4 91.5
8.687876 85.201637 5255.091 91.466736
9.25717 84.923798 6019.008 91.466736
9.90154 83.993851 4063.6204 91.466736
9.938524 84.83326 5743.2407 91.466736
11.823105 84.941719 5126.0 91.5
11.971495 85.067329 6532.8 91.5
12.902036 84.732887 5020.983 91.466736
20.428804 86.071869 3938.0 91.5
21.274687 84.740334 5068.024 91.466736
22.671199 85.890884 4554.6597 91.466736
23.503403 85.598061 4826.9395 91.466736
26.826655 84.913918 3944.9 91.5
29.23166 85.441818 4583.2 91.5
45.876157 79.737938 4825.2446 91.466736
46.849832 79.742142 4439.9 91.5
47.025059 79.847298 5075.6978 91.466736
48.132945 80.303818 4352.8 91.5
48.736328 80.063057 4966.5 91.5
49.839925 79.70092 4421.0 91.5
50.578855 78.767464 4961.883 91.466736
50.733954 79.597855 4243.2 91.5
51.335258 79.152191 4162.7 91.5
51.604512 80.126228 4863.914 91.466736
52.007564 47.131069 6320.5 91.5
52.074963 46.358101 4142.0 91.5
53.071193 79.865929 4242.4 91.5
53.224613 80.787827 5299.3 91.5
54.004116 80.535583 5139.6 91.5
54.017613 46.00148 5337.5127 91.466736
54.86453 47.048504 4918.6294 91.466736
55.234922 80.303047 4980.6 91.5
55.328951 46.517509 5162.305 91.466736
55.788304 48.115074 5792.8 91.5
55.794385 32.592319 3855.4 91.5
56.337768 32.304951 3541.8 91.5
56.680597 49.44717 4715.2 91.5
56.991312 47.995895 5084.2686 91.466736
58.156818 48.577961 4972.2476 91.466736
58.626628 79.663261 4043.4 91.5
58.870295 80.141968 5099.7 91.5
58.879135 52.059212 5585.1753 91.466736
59.719995 51.917122 4181.3 91.5
60.051222 51.328213 5036.4307 91.466736
60.461369 52.369389 5501.0 91.5
60.85185 79.296814 4893.3145 91.466736
61.875475 79.388504 4805.0 91.5
64.691264 56.069656 5904.6 91.5
65.362781 55.721249 5217.5186 91.466736
65.660419 55.844658 5211.0405 91.466736
66.737292 54.093658 5015.601 91.466736
67.111916 54.948994 5293.9595 91.466736
67.393426 54.8176 5010.219 91.466736
67.427381 56.495533 5528.1675 91.466736
67.601879 54.978313 5728.3 91.5
69.416584 57.612637 6158.2 91.5
70.317793 58.926521 5128.32 91.466736
70.545186 58.040092 5150.445 91.466736
71.336638 38.063198 4751.7 91.5
71.916614 38.777874 3750.8 91.5
72.063725 37.579506 4476.0 91.5
72.299526 40.052681 5222.0034 91.466736
72.678529 57.898296 5771.7 91.5
73.082808 37.762226 5006.1333 91.466736
78.980491 23.331188 4526.0 91.5
79.150693 42.593143 4428.2 91.5
80.111434 42.851475 5158.119 91.466736
80.682587 43.011822 4956.9995 91.466736
80.730789 43.075905 4148.1 91.5
82.759415 27.599188 4567.3174 91.466736
82.804099 27.314795 5027.959 91.466736
83.46395 26.425833 4859.828 91.466736
86.209503 28.798971 4876.9697 91.466736
86.347488 28.490709 4093.9 91.5
86.457179 30.146233 4622.6 91.5
86.68493 27.705133 4378.1 91.5
87.279916 28.599081 5030.6 91.5
87.396586 28.193356 4771.6265 91.466736
87.477477 28.140268 5022.1787 91.466736
87.679854 28.145575 5082.1 91.5
89.055279 30.133568 5175.6 91.5
89.289066 30.453131 5122.8384 91.466736
89.684869 31.504572 4973.1445 91.466736
90.283264 31.875826 5276.2197 91.466736
90.617907 31.159849 5228.581 91.466736
91.367876 13.653849 5446.0454 91.466736
91.621775 14.181245 4668.2 91.5
91.751326 30.670042 4677.1 91.5
92.004845 13.437234 5085.2656 91.466736
93.303212 32.889236 5385.3 91.5
93.404988 32.70163 4740.0327 91.466736
93.606663 33.229671 4459.9 91.5
93.632053 -0.716918 4517.2 91.5
94.316638 0.327469 4013.1 91.5
94.328783 -0.215789 4614.4575 91.466736
94.346876 0.014283 4881.2554 91.466736
94.463312 32.770222 4924.111 91.466736
95.029363 -0.622769 5356.5 91.5
97.067973 17.950167 5155.9263 91.466736
97.127614 5.096076 5512.421 91.466736
97.391542 17.97246 5095.5312 91.466736
97.459404 17.655266 5192.1045 91.466736
97.52382 1.104208 5302.3315 91.466736
97.774782 0.753642 5050.3833 91.466736
97.985298 5.076803 5181.241 91.466736
98.073167 0.965496 4690.0 91.5
98.658331 6.75088 4426.7 91.5
98.683498 5.160204 5179.148 91.466736
98.701982 6.271063 4878.3647 91.466736
98.973399 5.652388 4304.5 91.5
99.078303 4.612443 4593.03 91.466736
99.152351 0.627977 5308.012 91.466736
99.39449 17.035568 5209.446 91.466736
101.873713 1.18212 4072.9 91.5
102.666079 2.869549 4982.812 91.466736
103.940503 3.942439 5332.0312 91.466736
104.492822 3.837085 5498.3687 91.466736
104.834902 5.653905 4983.011 91.466736
105.153384 4.33212 5330.3364 91.466736
105.571533 5.285917 4814.9795 91.466736
106.081348 4.165258 3878.8 91.5
107.632065 7.216252 5056.5625 91.466736
108.466465 4.79913 4723.2 91.5
108.519792 7.079341 4745.315 91.466736
109.148107 6.147438 3961.3 91.5
109.74114 5.571872 4388.7 91.5
113.134906 21.011154 4406.0 91.5
115.407557 20.858406 5006.831 91.466736
115.427906 21.602566 4965.4707 91.466736
122.602369 32.694553 4941.8506 91.466736
122.714399 32.306847 3552.0 91.5
122.798435 32.91803 4797.2393 91.466736
122.850404 32.861553 4947.93 91.466736
123.103421 33.119686 4998.16 91.466736
123.507753 30.751017 4818.2686 91.466736
123.531732 31.752661 4637.1 91.5
123.756698 31.850355 3904.8 91.5
124.948262 31.069513 4942.5483 91.466736
131.654673 10.921922 4189.0 91.5
131.795563 11.204156 3952.2 91.5
131.9475 12.815133 4544.1 91.5
132.011913 11.964837 4467.9 91.5
132.142904 12.418862 4585.8 91.5
132.1458 12.612445 4581.2 91.5
132.210474 11.567235 3992.6 91.5
132.831826 12.546263 4819.6 91.5
133.348851 11.319392 4695.1 91.5
133.461057 10.492709 4242.0 91.5
133.859252 10.905204 4121.6 91.5
175.817651 0.920436 4687.5 91.5
175.943198 0.511118 5505.9 91.5
175.977347 0.555451 6156.8 91.5
176.003919 0.576753 5925.0 91.5
176.171787 0.533095 5391.8 91.5
176.264143 1.356625 3965.9 91.5
176.352551 1.421482 3901.0 91.5
176.602899 1.04024 4534.5 91.5
176.655994 -0.883617 5165.7 91.5
176.923717 -0.742652 5063.3 91.5
177.079966 1.305163 3957.7 91.5
177.849168 0.560777 5104.999 91.466736
177.913227 0.662635 4993.0 91.5
181.210959 19.194347 5180.6 91.5
182.709619 19.182278 4643.2 91.5
182.856499 19.141539 4934.7744 91.466736
183.470857 14.329236 3838.5 91.5
183.951908 13.824516 3784.0 91.5
184.067173 14.190332 4424.5 91.5
184.140727 14.179722 3967.6 91.5
184.200902 14.930847 3594.4 91.5
184.290348 -0.715299 4577.682 91.466736
184.606975 0.808046 4565.9 91.5
184.653061 14.769865 4785.9 91.5
184.852336 0.004777 4839.5 91.5
185.210484 13.942782 4743.3 91.5
185.29989 27.076099 4211.8 91.5
185.320616 13.973151 3939.3 91.5
185.331986 -1.075627 4482.6 91.5
185.335576 13.883223 4510.8 91.5
185.412205 14.421461 3857.1 91.5
185.518792 14.228852 5063.9375 91.466736
185.593857 14.576853 4574.9 91.5
185.699942 13.557191 4454.1 91.5
185.717669 25.066669 4599.807 91.466736
186.101375 0.012503 5121.4 91.5
186.187022 26.677391 4689.8027 91.466736
186.40606 25.770201 3766.4 91.5
186.600076 25.261957 4700.7656 91.466736
186.794006 -0.500467 5076.3955 91.466736
186.919805 0.126878 4029.6 91.5
189.652634 -7.613328 4915.44 91.466736
190.051009 -6.810075 4367.2 91.5
190.482505 -8.154309 5732.2 91.5
191.25893 -7.419801 4956.9995 91.466736
196.805662 16.999769 3838.8 91.5
197.205995 17.090996 5168.5 91.5
197.290403 16.511635 4823.351 91.466736
197.290959 17.199223 4538.315 91.466736
197.406371 17.161076 3971.0 91.5
197.551346 18.194721 4801.8 91.5
197.695008 17.993437 3996.6 91.5
198.091033 16.592793 3956.2 91.5
198.178987 17.241301 5033.5405 91.466736
198.324061 17.092392 4856.9 91.5
198.388241 15.703737 4660.8 91.5
198.564614 17.004713 4698.0 91.5
198.765204 18.111858 4487.7856 91.466736
204.703916 18.67153 4599.3 91.5
205.229746 27.161955 4678.9395 91.466736
205.425727 18.091501 3901.4 91.5
205.601628 28.858358 5086.5615 91.466736
205.632484 19.425795 3831.8 91.5
205.680294 17.720869 4360.5 91.5
205.813658 19.180311 4075.5 91.5
205.887825 17.521532 3994.6 91.5
205.960216 28.010679 4684.4214 91.466736
206.271348 26.851437 5137.2 91.5
206.429586 18.328913 4810.8 91.5
206.439842 16.958548 4919.6 91.5
206.548036 26.888453 5698.9 91.5
206.862087 27.741499 5583.5 91.5
206.940947 17.476791 3773.1 91.5
207.04297 28.662968 4484.5 91.5
207.086402 28.265268 4991.7817 91.466736
207.128236 17.756357 4980.819 91.466736
207.545837 18.312889 5687.8 91.5
211.414367 27.739725 4646.7 91.5
228.451905 0.008688 4881.355 91.466736
228.507271 2.039751 5052.676 91.466736
228.59504 0.402862 4550.1 91.5
229.511585 0.509473 4861.9204 91.466736
229.591062 1.785875 5476.941 91.466736
248.041033 -12.940186 5443.0 91.5
248.07729 -13.798234 4747.3 91.5
248.231651 -12.998233 5304.4243 91.466736
248.983557 35.872028 4947.631 91.466736
250.552888 47.429352 4728.8706 91.466736
250.943272 35.404789 4550.3745 91.466736
251.885465 37.454529 5818.5 91.5
252.253576 47.245213 5448.3 91.5
252.9275 47.056908 5839.8 91.5
257.737448 43.019936 5090.0493 91.466736
258.139965 43.233463 4408.8 91.5
258.438683 42.848789 5160.2124 91.466736
258.526101 43.125866 4206.7 91.5
258.750352 43.343197 4989.39 91.466736
259.347147 42.948795 5448.4375 91.466736
259.922921 43.084286 5158.7173 91.466736
259.927607 43.915607 4720.2 91.466736
260.104857 42.828236 4598.5 91.5
260.14079 43.464378 4504.1304 91.466736
260.455475 42.361183 4822.055 91.466736
277.959737 -0.326723 5554.5 91.5
280.207847 -2.087532 4856.539 91.466736
280.69293 -3.1307 4981.8154 91.466736
281.418682 -2.083765 4588.2466 91.466736
281.824055 -1.587915 4668.076 91.466736
282.058929 -2.853696 4515.791 91.466736
282.674799 -3.188977 4925.8047 91.466736
282.843706 -2.434019 4993.875 91.466736
284.148908 -3.896199 4821.8564 91.466736
284.231515 -4.049129 4555.3574 91.466736
284.485456 -3.258762 4510.4097 91.466736
284.529364 -3.356728 4586.1533 91.466736
284.540897 -5.103501 4704.7524 91.466736
284.826579 -4.018987 5140.3794 91.466736
285.907334 -3.367438 4965.7695 91.466736
286.249091 -3.534292 4458.8833 91.466736
287.716552 28.76173 4983.111 91.466736
287.782101 27.787617 4528.2 91.5
287.938145 -7.430175 4856.24 91.466736
288.155568 27.407677 4927.5986 91.466736
288.26063 -6.419455 5164.398 91.466736
288.331005 -5.534673 4695.683 91.466736
288.421008 -7.201497 5060.848 91.466736
288.746698 -5.664099 4573.297 91.466736
289.007137 27.247347 5179.0483 91.466736
291.032913 25.07262 5062.642 91.466736
291.650088 42.700779 5953.7 91.5
291.771806 41.098072 6404.8 91.5
291.905443 25.926058 4874.0796 91.466736
291.958708 24.439016 4551.9688 91.466736
292.276119 42.037746 4937.266 91.466736
292.324187 43.033451 6143.5 91.5
292.356726 26.448292 5040.417 91.466736
292.368932 24.984377 4550.075 91.466736
292.56102 26.229767 4610.471 91.466736
292.976217 42.54768 4541.803 91.466736
293.463583 42.884018 4124.0 91.5
293.838256 42.122211 5584.7 91.5
294.75018 24.4545 4726.977 91.466736
294.934356 24.631409 6089.6 91.5
295.05785 22.821747 5162.7036 91.466736
295.181983 23.062401 4623.926 91.466736
295.230515 24.02103 4951.817 91.466736
295.287902 23.531225 4867.9004 91.466736
295.310138 24.907413 5075.199 91.466736
295.693535 23.312281 4832.321 91.466736
295.89624 24.943506 4721.4956 91.466736
296.208493 24.657574 4913.945 91.466736
296.334808 24.965488 4687.3115 91.466736
296.396972 23.552155 4687.5103 91.466736
296.811982 22.739138 4873.98 91.466736
296.947573 23.352871 6431.7915 91.466736
297.020352 24.020674 5071.512 91.466736
297.059221 23.12867 4876.4717 91.466736
298.564456 21.685858 5203.0674 91.466736
299.228079 22.10541 4866.7046 91.466736
299.974896 23.27573 5034.4375 91.466736
300.015817 22.150858 5032.544 91.466736
300.49727 20.741873 4797.0405 91.466736
300.834963 21.453135 4703.1577 91.466736
302.773676 19.918379 4937.6 91.5
302.824788 19.146353 5033.142 91.466736
303.096352 19.373617 5308.3115 91.466736
303.128235 18.844429 5031.647 91.466736
303.278652 20.73815 4977.131 91.466736
304.633241 19.895283 5129.4165 91.466736
311.13782 50.666702 3855.0 91.5
311.467095 51.642422 4988.692 91.466736
311.866675 51.185841 4784.383 91.466736
312.796303 50.901497 4984.9053 91.466736
312.845323 51.745708 4946.2354 91.466736
313.236106 49.973854 5671.7 91.5
313.330721 50.210426 5146.3594 91.466736
313.413416 49.807972 5212.6353 91.466736
313.674721 51.560757 4335.4 91.5
313.700959 50.294617 5046.098 91.466736
313.824239 50.200779 4972.9453 91.466736
313.975954 50.605865 5360.5347 91.466736
314.132227 51.899715 4529.0464 91.466736
314.167528 50.358776 5506.1426 91.466736
314.449794 50.26577 5665.4 91.5
314.666183 50.347542 5108.188 91.466736
314.870227 50.849682 5066.629 91.466736
315.00136 50.797413 5305.1 91.5
317.218633 49.561649 4831.8228 91.466736
317.996805 47.036442 5092.043 91.466736
319.273507 47.77916 4746.2124 91.466736
319.342 48.726196 4895.3076 91.466736
319.598412 48.290997 4852.154 91.466736
320.611058 45.663742 4794.9473 91.466736
320.725011 44.883373 4642.2637 91.466736
320.955243 45.576168 4803.6177 91.466736
321.192619 12.793491 4643.958 91.466736
321.438129 44.214184 4469.149 91.466736
321.618781 11.645174 5991.2 91.5
321.704743 45.252831 4418.8 91.5
321.809263 46.356579 5013.8 91.5
321.906261 46.900272 5027.0625 91.466736
321.931489 12.035592 5202.2 91.5
322.058974 12.123342 5218.1167 91.466736
322.554076 11.554561 5280.7 91.5
322.639114 13.233366 5089.7505 91.466736
322.655302 11.920068 5651.5 91.5
322.752459 12.333034 5043.4067 91.466736
322.783387 12.027529 4794.349 91.466736
322.838018 13.127764 4847.7686 91.466736
322.882663 11.660161 5180.1 91.5
322.988997 11.948574 4831.125 91.466736
323.169642 12.400843 5041.5137 91.466736
323.210234 12.10928 3586.2 91.5
323.307207 12.915595 4911.254 91.466736
323.430152 11.42367 4661.3 91.5
323.566702 11.810963 5145.063 91.466736
324.540109 42.149872 4866.9 91.5
325.486601 43.113472 5156.325 91.466736
326.089016 43.216324 4756.8 91.5
327.1218 43.118149 5044.703 91.466736
327.356553 42.057919 5372.5 91.5